00
574|737
414|V45
276|496
413|250
599|428
428|401
413|403
537|710
427|250
250|401
780|295
250|?
305|272
715|V43
250.12|599
560|780
413|511
428|719
584|511
202|425
411|250.6
276|305
574|535
755|250
404|250.6
424|424
53|V07
276|276
424|428
250.01|593
V85|338
428|427
250.51|250.6
411|250
427|331
331|294
250.01|428
410|250.01
403|V45
280|578
518|511
244|530
599|292
250|272
276|424
427|427
729|722
599|250
285|585
nan
794|250.8
410|511
204|414
411|285
198|197
585|403
196|584
276|593
276|250.02
428|276
403|V42
250.01|780
276|438
428|280
780|250.6
280|535
284|428
410|584
428|426
730|731
428|428
284|202
682|427
285|250.02
787|250
707|682
250.7|440
348|995
496|250
276|?
403|276
276|782
491|585
410|414
427|250.02
198|V10
411|414
403|585
491|428
428|584
573|250
560|560
285|V45
42|496
618|618
428|722
515|250
250.2|584
413|401
250.6|357
518|348
518|578
584|434
250.02|799
530|211
135|536
250.02|722
413|998
584|E947
403|250.4
491|427
424|397
424|278
785|681
496|304
728|401
276|425
440|427
815|?
592|591
648|250
425|303
496|490
428|250
790|41
428|403
250.11|250.51
250.01|412
411|401
278|401
E885|E849
714|311
285|780
648|659
250.01|V58
401|250
356|250
599|V58
428|414
578|496
150|427
428|496
276|250
250.52|401
707|428
157|197
41|564
584|410
496|428
402|794
414|272
V43|250
250.13|491
197|197
427|562
41|424
840|726
707|458
276|288
250.6|536
491|401
785|996
428|138
585|V45
596|403
787|496
V45|401
682|401
997|244
486|585
284|162
70|571
276|787
250|V15
337|722
356|402
162|198
E887|300
V10|785
575|250
V63|276
428|709
500|786
401|E888
617|218
433|?
707|427
196|272
410|518
396|397
414|250
444|787
428|425
428|515
428|788
428|486
425|428
486|157
402|V45
591|599
427|584
728|599
285|250
486|440
250.02|424
295|493
E885|357
274|250
425|599
276|784
996|738
412|250
486|584
401|414
486|790
V15|412
250.53|287
599|707
250.6|41
453|276
413|428
276|427
412|401
599|276
414|401
496|401
V45|250
682|403
501|428
428|491
584|599
276|790
198|276
599|402
250.02|276
250.01|286
285|211
998|428
401|272
263|428
584|428
438|438
786|250.02
535|250
396|V10
250.02|401
722|250
427|425
303|250
288|250
707|707
564|V18
403|515
560|465
491|276
162|784
342|784
780|414
250|305
276|873
585|578
787|780
682|707
305|250
411|424
584|799
496|250.02
425|427
327|401
276|250.6
411|203
198|250.82
578|250
403|414
342|781
642|250.01
280|414
796|?
491|250.03
424|493
780|272
496|241
486|344
591|276
599|41
682|250.6
403|427
426|242
348|401
276|250.01
250.6|428
424|250
427|873
250|530
496|611
997|560
305|305
574|292
162|491
427|403
38|995
424|427
272|458
682|250.02
331|250
780|599
276|599
285|535
591|585
496|416
402|428
840|250.82
244|250
682|995
569|569
153|728
424|305
518|824
250|715
196|250
428|514
427|599
162|427
446|496
584|783
518|427
496|V58
599|401
707|250
788|250.92
250.41|581
411|427
530|553
780|276
577|250
305|362
E887|250
427|414
287|599
648|250.01
998|414
250|716
250.01|794
414|250.5
780|401
995|590
250.02|342
428|416
427|786
491|518
V58|244
278|250
E919|354
427|496
250.02|V12
V54|V54
250.52|496
276|278
135|517
556|285
250.01|653
486|424
272|250
428|250.82
707|785
425|250.02
648|642
255|287
428|424
425|784
402|427
411|276
276|991
574|789
493|250
493|250.02
648|654
285|276
410|491
496|681
682|428
682|496
686|401
788|599
518|401
428|357
781|784
402|250
440|707
427|276
424|412
584|486
722|996
280|250
496|564
492|250
428|599
112|?
403|425
250.5|70
250.8|401
250.02|997
E884|E849
507|438
140|787
425|E885
V12|250
518|507
428|250.02
V58|V15
595|250.02
414|433
276|287
294|331
584|250
788|585
295|162
E885|276
596|41
250.02|305
719|250
250|493
185|285
745|428
486|785
786|518
511|424
496|780
403|250.6
196|998
242|250
425|250
599|V10
276|401
250|664
205|287
250.6|276
250.01|915
411|403
198|250
260|41
486|780
438|530
599|287
286|280
285|411
496|458
150|276
585|V42
276|924
786|453
414|411
250.7|443
276|416
38|707
E878|401
427|398
404|272
276|284
786|414
780|794
786|250
568|250
198|162
424|V45
433|272
428|518
560|682
250|V58
411|250.41
250|E888
V45|V10
440|682
242|401
518|276
531|285
285|997
250.01|492
E934|280
493|401
786|401
482|427
250|784
682|620
428|250.01
250.43|584
496|726
428|396
518|250
250.12|276
486|403
785|250.82
599|496
707|250.8
414|562
427|401
427|250.82
584|540
250.51|401
294|553
518|38
584|707
250.02|686
518|403
250.02|272
427|840
427|272
340|599
585|427
873|924
493|V85
511|276
707|780
486|599
496|403
V15|274
E826|550
794|250
788|250
426|401
250|309
295|296
426|427
V63|70
362|729
250.6|250.41
496|287
250.02|?
V72|401
428|272
424|410
428|411
433|729
276|428
403|783
424|425
250|696
682|250
250|246
584|518
473|477
287|496
300|250
414|427
305|?
253|458
682|892
196|198
593|412
427|428
276|250.8
312|317
491|250
496|427
413|282
518|491
599|250.02
411|V45
584|250.02
456|280
707|197
250.7|250.6
453|401
250.92|401
486|162
285|403
518|482
428|446
41|250
V85|250
574|401
276|682
724|737
250|332
781|V43
518|416
250|785
255|250
574|576
411|707
486|682
577|562
428|578
250.02|440
401|244
414|486
599|594
996|38
311|272
790|276
287|414
493|486
562|250
432|873
648|244
276|290
428|277
348|276
276|41
427|491
440|414
785|162
420|555
427|411
424|585
196|174
518|585
599|790
438|595
415|250
428|585
214|305
411|682
284|486
486|496
276|242
599|486
427|285
250.22|599
250|496
162|172
276|696
437|280
250.8|272
411|410
425|596
411|250.01
998|250.03
276|296
507|427
250.01|369
305|438
250|244
531|535
250.7|707
560|599
E917|E849
410|788
780|305
427|424
578|276
401|348
250|490
789|599
782|786
599|571
584|682
433|342
784|396
38|518
707|496
780|403
428|423
403|E888
250.02|496
284|780
V12|414
584|294
427|250.4
535|715
780|402
780|E932
584|491
428|799
427|787
250|593
436|342
428|340
250.02|414
276|707
425|401
557|560
V42|276
54|250
425|403
453|496
427|396
250.02|280
518|285
202|515
403|694
731|730
707|788
250.02|998
411|342
785|997
250.02|403
496|211
491|438
780|788
574|227
496|305
428|410
411|574
V10|401
438|401
924|319
E939|715
593|401
782|250
276|250.52
599|263
250|278
599|427
276|799
496|425
426|780
724|401
138|414
584|250.43
413|V45
227|401
411|426
411|530
599|295
648|250.91
566|682
715|369
403|428
312|312
333|496
79|790
E878|250
997|250
496|E822
808|428
428|244
805|E884
453|427
300|250.6
427|593
440|403
410|440
427|473
276|584
784|437
404|244
403|250
250.01|401
486|453
425|202
989|250
250.02|535
414|413
496|518
780|585
V45|263
682|276
410|428
250|V12
716|726
424|413
411|440
112|491
571|305
427|E941
250|564
348|E812
411|428
590|276
403|424
599|403
493|959
473|780
344|721
585|250.02
272|401
424|620
285|401
250.01|427
403|70
427|V15
788|401
780|E942
730|707
482|585
276|473
V54|599
250.02|599
785|584
599|348
141|401
285|571
V10|V44
V10|692
486|491
443|401
997|599
287|E933
595|401
585|425
280|305
427|810
496|414
288|560
424|780
599|331
38|585
276|592
250.01|V45
584|276
293|780
401|530
428|493
250|355
295|331
428|278
416|424
518|998
512|413
595|788
453|188
303|535
276|486
799|276
287|427
599|250.8
730|711
572|456
345|250
204|486
997|486
496|E884
238|238
998|440
250|383
799|250.02
197|414
535|280
276|8
585|250.41
496|E849
276|435
536|401
403|584
428|682
496|202
312|301
425|414
414|V10
198|427
250.42|250.6
340|250
401|427
585|287
577|276
349|293
515|518
998|E870
112|V65
707|286
286|427
281|890
486|425
317|250
285|788
585|496
V85|599
E878|250.02
571|572
995|486
250.41|403
682|250.01
924|E885
135|403
575|276
404|424
998|998
263|285
250.6|401
428|785
682|786
428|492
571|?
486|250.6
203|401
250.03|414
413|250.02
997|788
276|403
599|304
401|250.6
250|E932
491|403
413|491
E878|331
410|496
440|425
E935|E935
250.8|V58
486|291
518|584
600|788
250.03|427
401|276
721|401
250|782
198|263
250|438
433|414
591|425
414|425
276|530
564|309
440|250.41
599|426
585|250
599|294
585|682
558|276
310|401
440|280
428|727
599|278
518|560
403|411
429|250
401|305
496|309
250|V18
293|425
250.01|V27
278|564
781|401
41|414
179|250
722|401
263|780
785|730
305|70
413|263
411|272
276|585
250.02|427
411|429
162|780
608|250
458|402
560|276
154|401
250.02|V58
726|41
584|414
440|585
E947|E849
584|427
571|284
511|401
250.22|276
995|780
401|V43
426|428
425|424
294|414
530|562
426|786
278|413
250.02|112
295|435
346|345
E849|401
715|401
311|250
276|466
414|733
599|599
295|282
V15|305
486|348
411|496
434|428
790|250.51
434|250.02
707|250.6
599|785
412|V45
496|478
518|428
309|250
413|493
426|414
427|413
E942|280
785|599
585|428
577|584
250.53|362
342|401
304|304
617|995
682|41
998|496
585|331
682|110
250.6|250.51
250.6|V42
707|443
997|427
250|414
250.01|413
486|197
569|305
250.01|301
278|?
788|598
427|250.01
518|V85
786|305
428|780
599|516
997|511
847|873
496|596
491|584
250|781
250.6|486
112|276
511|486
496|242
V85|412
303|401
424|719
205|997
707|402
250.01|251
790|496
38|486
414|250.6
599|305
600|599
574|278
276|789
250.02|562
600|285
486|250
401|716
250.7|696
491|250.01
466|584
590|591
780|250
428|250.03
276|285
427|426
239|276
799|428
V15|250
496|453
250.03|342
276|174
428|250.52
434|424
250.01|584
276|293
722|493
428|E885
250.81|331
300|530
303|425
250.92|276
588|585
578|250.02
584|250.01
518|496
285|427
786|331
571|789
780|997
781|250
415|292
496|789
427|998
599|998
427|416
276|493
428|295
590|401
558|787
V43|V58
198|196
398|427
V43|244
558|285
426|250
428|707
285|532
453|599
70|285
486|722
294|365
681|403
567|584
250.01|?
412|414
496|786
162|135
284|276
492|414
410|599
780|386
V85|490
162|197
397|424
584|E849
153|250.02
250.92|414
591|401
153|276
41|276
788|997
425|496
577|414
599|332
V63|401
575|V46
536|337
530|338
714|250
E880|873
250.93|780
250|300
403|285
276|728
428|8
276|345
965|?
434|250
428|250.42
790|250.02
285|250.6
401|464
276|458
202|414
155|203
250|V10
403|250.02
428|V12
493|584
496|138
574|403
570|250
493|250.92
530|250.6
648|648
599|250.6
511|599
403|496
785|272
285|272
250|294
477|250
427|458
411|250.02
V85|414
293|250
276|560
780|807
493|455
617|614
425|272
569|792
218|250
278|701
413|276
V58|278
558|611
250.12|401
782|412
584|403
245|401
41|604
576|427
403|511
250|311
305|309
428|285
401|340
241|250
296|493
593|332
280|401
440|996
411|997
453|287
511|515
438|427
424|401
294|250
599|434
496|571
285|414
577|518
349|723
197|198
496|440
324|427
276|562
202|584
493|585
276|788
410|427
585|250.6
491|414
276|292
707|41
599|404
202|250
285|413
486|401
482|428
575|288
792|780
496|V15
585|584
197|196
198|401
584|496
574|285
794|794
276|965
535|575
733|905
585|780
162|276
250|V45
414|414
585|250.42
459|459
496|275
276|E932
553|427
250.01|414
368|250
867|E879
996|785
428|591
560|428
250.01|424
280|242
250.8|404
707|356
599|E879
599|424
710|401
780|E854
486|428
250.01|599
682|94
403|250.01
584|780
411|275
728|275
496|593
42|305
585|276
250.02|285
295|428
496|301
285|428
496|531
620|278
599|438
852|E880
250|V43
599|204
250.41|250.51
807|786
276|344
780|780
493|E849
397|401
V10|530
997|263
444|401
730|41
707|731
300|274
250.02|287
599|425
282|401
585|278
511|799
413|789
599|414
250|459
496|250.6
250.8|54
250.41|585
465|276
79|414
250.02|571
707|250.01
719|285
198|198
162|250
599|995
440|496
434|781
204|533
401|202
599|788
543|278
958|282
710|250.5
496|8
785|276
578|585
250.03|411
507|599
584|404
519|786
493|410
410|285
41|465
304|V15
276|518
585|404
574|250
250.01|276
733|722
424|276
250|601
403|996
452|8
285|599
682|287
250.82|250.6
242|715
530|250
571|287
403|272
304|250
250|780
573|255
599|437
291|303
289|E849
410|996
440|599
38|428
411|278
531|562
425|396
311|458
425|277
996|427
780|294
401|805
785|205
304|781
70|786
250.01|718
250.01|562
625|250
585|414
727|285
491|424
250.4|250.6
486|511
707|584
276|E947
780|518
250.92|278
585|424
402|455
250.23|276
250|285
250|343
41|?
357|250.4
648|656
401|535
623|250
263|112
780|E936
560|788
285|715
342|787
E880|401
244|414
438|250
348|250.8
730|402
411|287
591|250
510|250.6
493|276
280|332
553|401
403|571
996|E878
860|250.01
569|401
789|428
276|272
571|250.8
490|401
496|?
799|402
70|280
288|131
747|428
466|285
204|401
250|386
250|347
287|595
584|250.42
8|579
423|272
780|428
287|571
276|465
424|241
424|414
295|305
578|536
414|428
507|276
577|582
250.1|401
276|492
276|112
250.03|274
293|428
V85|710
401|?
280|424
453|250
41|331
427|E942
413|414
250.01|574
518|294
535|41
331|343
785|707
574|799
196|780
250.4|403
276|780
428|413
425|208
440|584
784|250.4
70|250
197|591
996|401
427|348
785|427
153|280
584|574
250|331
288|197
496|285
511|403
276|244
511|428
425|574
V10|493
785|401
530|?
276|38
560|294
788|250.01
153|496
491|287
342|250.6
250.82|401
491|250.02
599|38
301|722
486|427
202|428
883|883
425|410
518|204
403|780
270|414
535|427
38|599
V15|?
492|782
38|427
682|730
496|274
410|8
474|780
584|588
425|250.4
E934|428
411|786
530|401
250.81|785
707|344
396|496
427|V45
276|E819
562|455
428|42
569|428
486|518
424|518
276|250.92
250.01|496
153|250
348|285
648|997
487|482
933|787
518|V46
682|278
E879|272
285|41
250|786
424|440
789|250
427|585
295|250
276|577
730|263
276|294
733|401
404|428
411|404
276|255
416|787
193|593
715|250
250.02|278
410|276
303|244
465|250
414|412
512|199
552|38
722|530
458|250.6
577|568
427|250.3
314|301
280|403
272|414
493|465
427|999
785|585
591|584
440|250
250.02|733
250.6|707
413|786
780|256
998|285
789|199
428|397
401|794
562|401
436|437
682|295
272|429
303|305
581|401
599|413
721|250
250|412
496|782
427|571
305|574
401|294
285|E885
996|413
438|599
599|789
571|E933
250.03|643
682|682
53|250.6
287|401
786|789
250|486
250.02|416
433|276
790|572
710|707
242|V54
342|250
285|799
V57|428
599|V45
491|682
780|591
162|357
E888|401
789|211
285|553
459|250
410|411
411|286
303|493
799|486
591|250.02
486|276
250|531
424|296
V10|250
41|E878
396|453
280|218
275|276
286|578
486|8
427|V58
401|412
335|368
296|309
427|386
403|807
518|553
250|402
496|272
414|244
707|736
682|356
413|250.92
805|285
250|V27
413|402
272|V65
162|396
707|585
493|V45
996|411
728|276
428|404
278|250.8
584|286
276|E944
427|441
496|404
997|518
466|518
250|600
280|276
250|558
553|568
303|972
444|414
305|296
599|284
788|366
599|578
733|788
250.5|362
414|530
79|287
41|553
274|345
396|250
V12|401
250.11|558
403|433
269|276
283|250.02
707|730
648|285
807|E888
250.02|781
250|586
591|331
458|276
511|414
458|401
250.01|722
805|296
432|486
303|577
250.02|564
724|250
491|995
785|403
250|131
569|567
599|?
286|472
280|425
560|250
396|414
789|786
486|510
403|784
584|507
V58|401
491|425
250.92|227
820|E888
285|736
575|38
410|403
414|250.01
276|733
403|?
250.8|730
536|535
794|401
434|368
997|403
721|722
V12|305
486|494
285|425
250.01|425
250.02|648
250.03|496
574|412
781|310
414|416
425|70
491|285
197|428
428|250.8
621|627
401|290
301|301
V85|327
284|70
250.01|305
493|427
428|305
599|584
707|E885
340|162
E935|250
287|250
276|295
530|535
719|V43
578|8
616|218
276|571
250.83|996
250.02|558
428|511
41|274
332|331
486|590
496|516
162|496
250.01|845
414|493
493|162
276|536
287|250.02
305|401
799|427
682|727
428|287
250|553
998|682
295|780
V85|285
V45|599
491|433
780|250.02
428|692
427|V43
492|303
348|438
614|250
420|112
719|729
294|493
575|553
425|197
V15|V70
42|263
496|410
511|280
591|183
250|794
416|327
571|286
599|784
278|427
70|402
564|250
280|780
250.1|276
276|600
416|414
599|E888
250.01|311
413|427
250.02|331
426|593
401|V10
196|496
278|682
496|424
714|401
801|458
296|710
288|250.01
512|401
300|401
404|584
398|396
304|486
304|305
V54|278
135|276
411|996
780|786
285|244
300|278
428|253
424|250.02
787|781
276|726
516|723
682|711
788|560
428|284
401|441
459|443
599|466
715|250.6
250.43|250.6
486|250.02
584|458
285|560
304|250.02
250|682
285|593
511|780
530|272
599|491
997|411
38|305
401|695
V42|403
453|458
287|995
427|707
599|591
437|V12
345|438
996|424
491|70
428|250.4
424|389
250|298
309|401
202|V12
255|401
787|V45
428|E878
202|790
404|707
518|682
135|?
427|349
788|604
493|311
434|496
996|403
253|473
780|303
568|427
599|342
250.81|V42
305|276
780|162
571|401
38|276
250.02|787
250|413
202|496
250.53|250.6
996|682
511|250.02
440|V45
427|618
E885|401
276|274
584|585
788|569
599|285
729|782
511|411
196|287
276|404
427|459
413|530
250.02|585
427|447
250.01|403
437|427
255|593
284|401
250.02|786
998|V42
733|414
427|292
919|789
410|585
493|272
280|412
440|V58
402|272
403|537
250.92|183
560|789
414|112
496|286
428|242
V43|V45
242|424
823|959
789|496
560|496
421|585
707|303
250.02|780
276|153
823|250.02
596|601
724|724
995|599
496|733
414|396
566|995
873|781
V54|250
648|V23
496|599
250|790
250.01|285
707|276
344|240
250|477
250.03|282
451|441
138|250
V45|403
599|564
462|477
564|780
465|428
250.83|?
276|70
112|112
276|786
599|786
780|150
V45|428
295|250.02
518|995
570|511
250.02|295
560|536
355|924
250.01|402
276|E931
723|401
491|599
401|782
138|E885
152|707
401|435
311|290
401|250.5
789|433
359|250
458|427
244|V10
426|794
250.7|250.51
241|272
576|250
562|531
244|?
428|458
285|E928
493|411
250.01|440
E878|414
575|250.6
301|300
162|733
512|518
577|560
204|54
250.02|244
733|780
493|278
E928|E849
453|250.02
998|627
202|276
440|285
780|427
427|486
250|276
285|V12
276|413
112|780
286|296
584|263
250|346
427|443
414|305
250.43|581
784|401
518|518
414|998
682|599
V43|E878
291|305
40|276
599|596
493|414
94|285
V45|V45
197|162
599|8
493|295
278|277
285|440
707|201
250.01|493
E885|250
401|250.9
228|401
710|428
682|917
295|486
560|452
998|250
599|585
218|626
482|733
433|428
682|493
305|414
287|276
292|304
427|780
599|511
578|584
401|593
413|496
707|599
250|275
493|466
560|401
250.02|V15
276|379
486|290
428|593
515|496
403|707
250.01|681
250.02|397
518|446
V10|V43
401|715
789|493
780|348
305|599
E878|410
591|593
518|250.02
250.01|571
276|250.03
424|714
515|501
518|42
478|518
112|197
250|437
281|909
599|396
428|198
38|999
584|592
263|599
707|250.82
585|396
584|282
789|530
153|199
785|300
473|470
250.92|707
296|401
197|250
305|285
578|427
414|250.92
298|401
403|459
707|681
428|250.41
428|564
428|?
288|731
303|278
496|721
E849|278
451|959
411|402
440|426
789|112
250.02|641
707|425
428|41
518|41
682|V42
428|415
V42|412
428|789
707|808
491|578
571|428
188|595
562|427
112|437
280|250.02
424|786
428|444
787|787
260|359
162|518
588|276
332|250
442|250
V58|780
599|780
535|786
274|250.9
571|250.01
250.4|583
153|197
426|250.02
424|787
486|416
780|453
425|426
585|599
287|250.01
305|301
424|486
V08|401
788|593
493|518
607|?
433|250.8
250.01|997
511|250.03
427|223
428|784
276|710
250.4|414
532|250
920|E849
576|496
289|272
276|996
491|593
532|427
411|599
197|495
786|250.4
574|574
425|250.92
276|79
V62|250
196|401
401|788
403|284
486|493
275|571
250.01|278
593|414
276|E936
496|300
404|389
250.11|276
682|414
276|250.81
514|401
574|305
250|724
428|250.23
680|709
780|285
790|404
287|530
427|402
286|789
162|401
V45|585
780|412
250|296
250.12|278
428|157
E937|E884
491|486
402|414
425|493
491|V15
710|558
38|404
680|680
428|250.6
287|428
411|511
805|424
276|E849
250.82|584
250.52|250.6
V45|V12
411|491
453|707
250.92|V65
707|571
250.81|491
250.02|593
493|79
707|401
287|303
250.03|999
250.02|682
250.13|414
437|250.02
496|482
891|250
997|280
348|348
309|250.01
512|492
348|V66
285|E879
428|250.92
444|785
785|250.6
535|276
493|428
780|?
410|401
577|571
250.03|?
70|250.4
276|204
305|250.6
562|558
250.02|428
722|722
444|V15
585|250.43
V42|V58
574|250.6
411|305
41|V09
303|486
585|272
354|250
197|496
710|424
162|428
287|285
295|70
788|596
337|536
414|403
401|V15
250.01|642
250|411
707|414
276|578
197|V10
305|303
414|311
V25|648
427|E885
618|625
785|285
784|250
294|244
682|250.41
783|250
496|V42
496|997
573|571
305|V58
789|403
427|250.92
305|250.01
425|V58
789|276
V72|427
285|564
998|E879
250.01|721
250.23|250.6
873|599
276|380
250|443
724|250.6
955|882
481|250.13
403|438
787|401
466|276
998|413
295|401
250.12|304
327|780
415|250.03
150|148
713|707
202|250.01
427|788
599|E942
707|459
250|403
280|905
599|112
724|720
250|426
496|V46
303|250.11
455|401
496|577
569|998
707|799
585|707
998|427
250.6|411
250.01|293
996|414
560|995
552|997
250|188
785|998
729|250
250|E816
162|511
V46|414
785|V42
150|458
250.5|401
276|708
518|486
E849|493
427|V42
425|786
283|250.01
427|996
599|745
401|733
427|558
577|486
250.02|616
424|592
496|292
428|745
276|535
276|280
573|710
378|493
496|280
94|276
250|729
276|E938
599|433
593|518
535|455
E944|780
V15|401
790|250
569|425
560|196
571|291
V58|305
492|410
250.92|413
426|496
404|585
682|E879
278|250.01
296|305
799|785
995|38
278|599
574|414
486|204
357|401
285|157
924|922
569|V45
572|789
287|V43
250|518
496|585
250|V85
342|530
558|575
518|574
276|805
252|250
601|594
424|553
250.02|584
276|415
V54|788
250.7|250.42
620|401
431|518
424|266
584|556
780|438
343|250
424|591
V15|272
486|995
368|438
786|721
996|482
585|996
285|496
412|V12
250.01|41
250.01|558
788|V58
198|790
787|112
491|263
585|581
250.6|625
410|402
427|493
719|401
784|414
250.81|286
530|426
599|272
455|211
726|401
V64|250
198|170
250.6|790
E932|599
808|599
584|784
719|786
710|V45
711|682
276|V58
287|250.52
276|581
250|710
280|569
305|785
250.8|427
427|250.6
427|836
V46|250.02
722|250.8
357|300
478|787
V42|250.03
786|428
428|786
218|618
250.02|300
722|272
486|285
996|V14
250.8|E939
401|250.01
440|731
410|197
571|250.02
202|E933
293|558
401|331
430|272
427|340
280|296
403|V46
250.01|8
413|41
V58|V45
197|276
V43|285
808|E812
285|707
486|492
787|789
276|282
722|738
707|162
420|733
428|289
284|432
707|272
560|250.02
444|305
427|799
571|535
276|791
443|782
280|553
850|780
784|780
492|305
788|600
277|250.03
296|V17
285|491
V49|305
197|576
428|188
786|780
578|788
413|424
250.03|V58
584|788
535|536
562|211
420|162
404|250.4
428|331
730|250.8
171|V12
305|780
682|704
707|403
518|286
424|403
593|250
998|?
724|719
682|327
416|272
413|250.01
621|618
292|276
411|492
220|250
440|401
V58|?
782|E932
428|293
453|593
496|276
596|596
413|585
203|E932
244|276
493|714
518|515
511|786
282|E885
198|496
507|349
599|250.82
403|38
V42|V42
410|396
511|162
591|427
285|V43
577|599
560|567
786|427
250.02|724
280|435
250.02|41
710|496
969|780
784|787
300|301
648|664
346|250
411|250.82
413|244
492|V49
555|250
454|250
492|428
250|787
242|684
491|799
453|424
530|79
590|530
998|423
599|515
403|583
413|440
486|402
79|280
289|8
305|275
V45|414
428|263
789|V42
403|394
492|574
428|V45
280|70
202|285
413|305
812|E881
682|459
411|493
276|576
196|188
285|250.01
592|338
782|?
38|998
496|290
440|38
403|998
278|V10
401|780
787|211
288|205
724|727
280|998
577|786
427|997
780|327
8|342
413|794
272|530
401|490
272|728
425|486
493|?
244|401
V54|V43
530|511
250|714
578|280
585|753
585|595
491|413
294|311
425|458
263|466
715|V15
584|8
V42|790
492|197
707|457
135|425
585|410
865|860
250.01|490
507|491
721|720
599|593
444|285
438|V57
959|924
276|797
799|530
250.03|724
486|278
585|493
411|V15
466|250
250.02|E885
299|250.1
250.01|656
574|575
590|112
566|250
428|V54
788|414
396|493
427|553
250.81|707
112|585
276|462
459|695
568|562
401|728
E878|599
290|401
401|410
693|250
707|255
250.92|287
511|427
427|781
719|272
250.13|403
433|599
780|301
799|294
280|427
311|414
788|V45
535|562
276|785
571|272
486|152
250.41|250.6
873|E884
287|455
789|425
780|340
423|V45
555|E944
427|278
276|414
426|E947
250.8|428
433|784
250.02|956
496|413
205|250
590|403
211|780
196|285
250.01|715
198|180
414|496
340|584
694|401
466|278
682|535
415|518
590|428
568|575
569|250
493|786
553|250
481|276
250.6|599
250.2|276
427|E888
574|998
250.82|414
571|250
250.11|V58
433|250
424|79
427|578
508|593
518|493
402|477
556|V45
250.8|486
486|413
307|306
250.03|110
518|785
600|250
285|438
710|511
202|401
250.8|E932
599|318
357|298
411|397
411|708
291|250
280|189
584|250.4
425|413
438|715
560|486
571|456
860|285
427|453
785|428
996|250.4
250.13|782
295|272
733|438
301|780
820|276
250.92|253
486|560
401|555
401|250.02
414|724
425|491
780|V45
250|536
716|496
250.81|276
276|781
496|584
496|70
599|997
342|715
496|250.01
250.6|518
285|998
424|618
295|599
560|272
424|416
70|303
576|574
276|E933
41|558
493|574
70|276
V70|276
263|403
715|428
491|790
438|41
428|332
998|999
204|592
250.92|490
579|250
530|278
285|781
435|428
805|599
456|789
403|413
428|135
515|491
427|162
518|562
250.41|414
305|492
427|294
493|V58
197|427
357|338
196|458
250.03|535
459|427
664|663
511|196
250|788
599|250.52
730|E930
438|590
401|600
599|293
403|536
512|250.02
413|490
780|296
250.41|707
218|401
780|V10
402|413
427|719
8|401
433|250.02
496|530
V43|401
427|196
682|204
V85|401
707|786
403|562
427|813
344|707
411|998
444|250
276|V15
428|783
566|780
780|300
721|276
684|707
786|V49
295|578
401|311
276|433
250.4|581
250.01|658
599|715
401|250.4
305|728
447|401
572|276
615|276
599|290
599|996
492|487
601|596
996|707
135|377
276|250.4
V08|250
403|431
428|211
780|275
197|401
441|780
296|333
807|861
250.01|647
433|280
276|263
275|250
403|426
250.01|477
305|278
578|599
723|355
427|295
411|787
138|784
536|250.41
789|70
599|V43
250.02|707
304|401
518|287
998|401
996|E879
584|401
285|720
250|575
427|311
403|250.41
428|519
791|41
786|250.7
518|425
V45|?
426|276
403|250.42
530|414
786|458
493|338
245|?
427|868
788|185
599|V42
997|807
250.8|227
780|512
203|250
427|305
507|428
995|682
599|560
530|276
276|202
707|70
250|427
785|694
571|303
491|530
V45|V15
584|112
211|250
618|250
208|401
564|250.6
250.6|733
412|780
799|585
V42|284
V45|272
V43|715
870|802
590|300
427|415
428|E934
250|722
583|276
785|425
196|250.02
530|585
394|584
196|V10
414|250.82
437|780
226|275
707|V44
729|401
E878|202
414|250.02
416|397
998|276
403|153
403|V49
411|959
250.01|E812
276|304
263|250.02
710|599
250.8|250.6
272|?
495|428
788|250.6
426|V45
V50|610
255|414
453|297
358|250.6
722|403
707|263
437|403
786|250.6
455|536
349|276
295|285
997|250.02
205|V42
715|921
427|242
V70|427
319|272
250.02|996
496|V01
196|799
496|E888
411|396
434|250.6
70|287
403|435
305|413
153|493
428|38
250.92|403
E818|278
596|496
233|285
493|707
493|V43
427|682
780|486
507|V62
340|427
250.01|486
577|535
577|305
873|E849
585|411
250.01|568
303|292
250.01|555
599|536
401|250.8
261|276
428|440
491|250.4
707|250.81
427|250.8
599|518
434|250.01
780|250.8
789|453
648|V27
515|573
599|410
491|616
710|244
250.03|401
250.01|272
425|V42
441|496
998|584
250.02|737
250.41|250.81
276|198
295|414
303|427
360|250.8
E849|285
481|427
493|787
285|823
591|590
998|153
553|789
825|250
273|414
250|280
584|425
304|250.6
402|412
442|453
V42|427
416|250
591|V45
285|162
304|536
518|424
682|948
290|348
730|276
280|41
303|311
728|403
250.82|731
411|412
816|882
278|457
204|428
250.92|585
585|250.4
157|403
786|V45
294|427
151|287
276|303
789|438
808|585
296|276
V58|493
434|342
401|496
V72|412
518|162
244|493
427|284
294|290
416|285
511|518
276|E942
460|785
453|403
756|401
433|782
427|410
790|785
682|780
427|714
V54|401
427|717
518|997
427|412
722|585
425|553
427|362
427|729
362|401
250.01|648
599|162
427|560
701|250
788|412
V85|380
807|813
710|V17
305|403
V65|V85
599|493
272|244
799|70
403|535
295|311
?|250
577|577
496|441
401|493
511|250
428|311
426|272
410|250
362|389
599|873
682|584
427|309
250.02|729
287|780
584|790
204|250
496|412
578|486
401|428
250|V17
424|411
581|V45
599|E849
996|585
250.6|337
276|337
642|648
294|790
386|250
998|555
416|427
573|599
486|94
242|E942
250.8|707
648|402
566|250.82
599|296
276|997
250.92|305
577|291
786|511
250.02|266
335|250
746|401
604|250
451|780
414|682
595|599
789|183
414|V42
620|250
584|591
276|333
54|V15
426|V58
491|280
305|287
493|727
496|303
38|285
276|575
403|E947
425|V45
780|E850
558|250.6
263|276
401|360
396|427
303|571
293|403
198|585
294|781
736|250
V42|250
958|250.01
411|585
250|274
427|280
303|250.12
537|401
456|287
789|456
276|741
428|920
299|250.83
250.02|79
780|496
584|578
569|496
478|250
414|202
428|412
272|250.5
493|473
781|V58
411|425
997|453
707|728
V58|250
786|794
840|250
241|226
496|250.8
453|518
518|250.52
240|250
496|552
197|707
250.42|581
413|V10
881|807
410|997
301|729
196|280
376|360
427|112
348|518
682|250.42
41|41
305|562
552|401
413|584
285|287
782|250.6
41|250.03
426|416
496|486
599|344
276|714
759|270
E880|285
196|515
413|250.6
573|414
430|340
V45|425
333|250
250.13|112
785|290
38|496
496|402
41|714
410|250.02
425|398
491|426
550|250
998|278
202|571
425|244
V62|278
921|372
518|340
V85|263
591|250.03
427|518
427|794
403|250.51
218|218
E878|738
413|295
433|238
785|682
496|174
443|250
157|496
443|405
427|785
V85|V45
E933|197
790|E934
998|250.01
250.03|199
250.03|244
786|250.9
780|781
424|562
V65|780
250.92|?
202|881
276|725
486|296
552|V85
438|276
511|453
250|E935
V45|280
342|459
434|585
401|784
E878|396
431|396
958|250
711|250
250|41
276|482
401|345
303|276
441|276
599|357
434|427
401|730
996|405
507|486
276|331
250|462
873|923
493|599
304|722
585|295
536|250.6
491|250.92
996|799
564|401
433|424
410|707
110|41
578|578
345|493
250|571
V62|309
250.6|250.81
424|331
250.82|682
276|252
327|250
647|648
250.83|707
648|250.51
593|E947
787|250.6
998|707
250.6|918
648|747
568|414
309|V15
280|531
295|300
648|250.02
280|250.8
435|446
444|444
342|276
410|486
401|343
571|70
414|435
280|205
427|255
584|305
599|799
437|250
411|518
424|492
578|491
344|401
157|250
574|V64
599|435
263|491
536|272
780|571
250.01|342
250.02|466
V13|250
584|466
681|682
531|342
441|250
250.02|572
451|426
491|V10
592|492
427|753
273|244
427|E939
250|228
427|530
358|710
511|250.01
492|518
511|413
781|794
38|263
491|416
507|424
E933|250.01
493|442
707|305
70|250.6
250.01|729
285|458
285|250.92
514|425
42|425
250.33|276
402|411
218|625
336|V64
438|787
428|294
292|440
288|276
V58|V49
599|338
599|337
594|596
70|789
250.82|707
780|318
486|250.4
621|496
518|453
E880|410
585|785
E878|427
V63|785
560|285
782|396
507|348
413|425
250|34
427|277
571|280
E885|424
250.02|825
996|412
518|293
414|429
198|250.02
309|305
396|424
723|787
410|578
707|713
585|285
276|815
416|934
707|250.42
293|401
496|250.51
8|285
781|250.82
786|491
784|729
E932|401
250.1|291
38|785
424|402
681|401
491|780
486|438
280|621
280|428
305|244
401|278
850|952
280|534
569|433
453|E879
435|414
250|582
280|625
466|244
38|403
272|274
790|412
560|274
682|555
799|414
456|276
881|296
250|205
599|250.01
250|211
681|41
344|453
784|427
250.13|575
443|414
204|518
585|535
710|250
305|291
593|V58
280|585
424|999
427|290
724|278
780|492
425|250.03
403|94
511|415
496|515
786|250.92
530|244
518|786
403|275
410|277
585|998
459|593
294|348
424|600
584|728
E932|294
426|753
564|V45
536|250
577|272
401|785
496|278
427|287
250.02|425
787|599
197|151
293|496
276|410
305|424
789|486
486|786
574|276
284|518
344|E928
276|455
401|786
70|722
276|998
585|203
569|285
348|403
357|250
135|250
250.12|295
70|295
453|428
414|410
277|401
276|300
996|428
438|723
799|788
E937|V58
436|428
304|276
V46|305
604|599
569|455
492|427
789|571
493|250.03
493|686
424|578
E885|250.01
731|250.7
626|617
596|413
567|599
425|253
250.52|250.42
303|300
389|794
780|458
250|112
276|453
242|782
250.01|415
581|428
79|?
584|250.92
864|401
424|311
869|E892
70|496
576|576
205|401
427|293
596|276
41|403
250.6|278
8|593
780|V43
787|276
820|427
296|250
250.82|799
250.12|305
357|203
336|722
V45|427
714|402
276|V12
414|276
808|807
727|250
458|285
591|722
411|250.4
788|564
458|250
592|401
496|255
285|426
711|996
428|999
276|715
284|599
E888|276
788|780
305|496
788|496
189|585
250.7|414
V42|493
250.42|424
518|722
428|292
599|340
780|787
305|531
601|250
585|401
443|250.5
552|518
250.02|486
789|280
836|250
530|530
233|250
425|276
433|401
250.03|493
724|272
427|189
558|238
276|511
189|198
301|250
348|250
788|41
304|741
V15|V15
532|783
790|403
707|357
512|427
285|300
41|493
272|600
518|530
478|305
250.91|V27
786|272
453|425
492|204
415|599
682|304
303|287
577|V15
99|401
627|244
571|289
401|424
496|790
413|250.41
440|440
403|788
250.02|592
E932|285
496|V54
507|585
250|V63
789|562
788|553
578|694
578|285
276|V85
585|730
401|719
263|53
396|515
413|573
578|41
250.01|V15
198|250.51
813|250
560|585
567|427
41|530
577|574
996|404
577|496
233|600
V43|716
250|281
969|E980
710|135
788|E888
403|287
255|424
135|562
296|250.6
972|E950
791|276
424|250.8
276|423
493|593
585|588
401|V12
710|716
584|438
493|331
250|256
250.92|721
276|197
518|161
435|425
401|285
276|454
711|696
536|357
999|567
413|250.8
250|333
272|599
517|401
198|250.6
386|401
428|V10
438|V15
280|413
250.02|369
737|401
250.02|288
348|331
276|507
507|250.6
276|553
198|403
250.6|414
458|414
518|V45
414|280
276|552
250.12|V65
305|V10
560|396
433|997
599|E880
283|250.6
223|486
729|784
295|304
V42|V85
402|278
299|250.93
250|727
286|250.02
867|599
682|V49
996|719
491|V12
593|591
401|280
276|311
430|780
276|42
442|799
416|401
486|434
276|491
844|E885
434|276
402|250.02
V85|465
490|799
E944|386
296|303
425|8
280|562
413|492
625|346
411|794
518|250.01
41|250.1
578|250.01
453|199
790|682
833|842
648|646
493|780
305|V15
250.02|794
286|728
535|250.6
358|244
250.01|437
250.03|582
250|V03
253|250
E924|E849
250.81|416
250.02|V43
V45|278
285|584
786|412
250.52|491
433|V58
426|584
590|250.03
426|?
428|153
441|287
434|413
202|998
V12|V58
413|272
250.82|276
707|934
511|425
411|796
996|263
596|188
707|444
250|719
428|807
813|E885
40|403
785|780
864|305
404|285
780|250.03
276|94
403|599
481|250.02
727|754
746|424
557|401
301|280
788|250.02
577|E932
507|295
789|V58
581|287
245|250
197|518
276|250.5
250.02|560
285|562
E849|E966
515|724
496|511
496|263
295|348
599|E885
531|250
403|196
578|295
618|401
540|555
599|270
414|593
250.01|433
496|296
250.03|780
453|486
511|530
428|820
287|263
867|250.6
276|E885
789|424
519|305
250.6|288
482|599
780|785
250.01|731
373|V08
581|584
414|296
466|197
724|535
572|357
584|331
442|401
486|277
453|285
611|288
340|812
805|805
250.42|403
784|V15
294|369
295|787
444|442
596|250
250.82|250.42
724|599
250.01|786
496|576
486|707
997|682
V45|412
250.6|496
E879|401
V54|733
997|584
112|250.02
285|V58
411|790
285|718
596|272
438|784
780|493
8|362
707|998
595|591
780|V15
250.82|?
785|518
38|250
70|70
424|785
197|682
416|403
425|785
411|820
403|581
995|414
496|V45
131|401
569|560
682|413
496|293
358|276
413|595
786|280
574|493
272|V10
250.11|647
378|414
?|401
404|414
781|E939
788|625
515|424
403|197
682|958
396|70
682|154
250.8|E947
41|250.01
780|278
555|578
396|578
491|202
492|401
414|402
250|70
557|562
403|491
710|583
788|618
618|218
276|384
250|791
196|276
396|403
285|V54
435|401
782|285
623|623
569|780
996|496
723|250
724|218
786|38
427|812
153|196
584|411
496|722
70|458
250.42|250.52
414|E879
578|311
414|250.4
365|564
424|287
413|466
250.02|782
584|296
250.01|319
599|244
202|?
285|836
426|250.6
578|204
851|721
533|276
250|288
250.02|789
599|196
153|293
493|291
567|287
823|250
458|250.42
599|457
276|995
591|8
414|443
369|?
276|V54
426|403
411|584
V42|401
574|425
998|575
280|518
276|794
786|303
995|276
601|V55
424|599
707|376
202|250.6
465|461
786|584
287|461
425|250.01
208|285
403|682
682|272
276|357
280|285
493|250.2
567|707
404|518
285|286
305|583
486|458
682|447
496|282
296|971
202|447
413|410
492|591
578|203
425|V10
782|402
340|250.02
?|276
518|112
162|287
599|729
578|436
250.22|41
515|599
569|564
284|203
511|512
568|401
198|285
263|294
286|453
250.01|E887
491|473
211|562
435|780
710|250.02
V58|457
780|250.01
599|E934
428|998
507|401
196|997
518|599
496|867
590|250
518|780
V58|616
285|E818
295|278
584|787
250.6|427
276|E826
250.6|250.22
491|242
E888|496
593|276
427|?
780|331
401|438
401|V58
V45|285
304|723
183|440
711|427
577|250.53
250.01|411
331|780
203|997
151|250
998|425
199|414
285|453
427|300
424|253
693|785
569|710
618|996
496|311
E932|250.4
998|614
560|197
491|305
V64|414
592|428
614|V10
530|787
V45|V43
807|296
682|685
410|434
781|584
682|785
535|403
250.32|707
280|789
789|V45
276|V42
518|438
728|780
424|342
348|599
424|396
682|E878
952|344
707|784
496|437
681|917
250.13|518
599|E878
491|303
286|786
250.02|493
560|425
511|397
584|453
250.01|455
780|784
E888|E849
721|413
496|682
491|402
620|616
E939|401
518|414
719|599
414|424
511|496
276|250.42
584|250.53
780|731
793|250
584|785
290|250
344|781
569|558
294|401
573|174
V85|276
296|491
197|280
250.7|682
424|244
53|250
V58|250.01
536|998
434|403
250.03|272
780|808
291|41
574|496
745|401
434|599
562|553
491|278
413|287
403|453
396|433
789|?
413|571
348|250.6
733|250
581|403
998|997
425|614
135|722
250.01|707
707|27
250.01|202
465|V08
261|518
193|250
696|730
780|199
571|511
250.01|295
280|135
535|553
456|53
578|305
250.01|501
621|614
824|250
496|41
294|426
617|250.01
799|V44
250.01|238
403|305
185|788
288|785
707|741
250.03|511
998|617
558|250
250.02|V45
250.52|280
485|599
250|V14
998|593
413|780
444|599
250.01|507
573|250.01
443|595
786|784
250.92|V45
197|41
196|599
412|403
780|250.4
305|695
710|715
396|401
E944|401
250.7|250.52
250.6|530
202|284
427|41
295|303
493|250.8
789|998
428|696
427|433
403|332
785|305
601|599
397|416
276|463
304|295
402|496
293|596
536|276
595|41
989|414
188|153
E915|438
402|429
429|796
285|493
368|414
250.01|530
996|41
250.42|486
348|425
433|786
860|585
162|196
569|276
780|E849
290|437
599|733
783|742
V42|997
428|342
799|250.8
340|493
490|?
250.51|403
401|585
411|280
285|E878
727|414
780|191
711|599
826|E880
244|301
584|396
250.81|585
E812|924
250.81|730
496|354
496|433
266|428
294|428
354|357
425|E888
155|250
816|E812
295|614
276|203
493|579
486|414
707|294
401|426
794|427
789|287
785|571
309|301
440|995
272|250.4
424|447
997|401
250.03|V65
707|892
428|453
648|644
428|812
571|276
518|410
511|584
V62|401
413|562
591|788
277|482
357|250.52
998|580
E849|331
799|278
583|581
518|459
337|403
707|138
882|E819
572|571
518|295
444|998
806|584
202|403
485|157
571|780
707|250.7
578|535
511|997
648|663
965|787
244|V58
591|198
599|V54
383|388
416|530
614|V45
573|427
427|724
515|V12
250.02|E905
41|682
599|562
285|70
410|507
518|789
728|250
135|428
242|311
595|276
250.8|440
369|781
250.02|242
415|799
V12|V49
V15|V61
741|E942
620|620
250.03|41
8|458
496|787
344|599
518|799
250|616
263|923
250.91|664
535|530
201|202
788|605
496|574
427|746
585|378
189|404
482|276
821|428
590|584
V45|593
285|787
429|416
428|286
553|285
V42|428
428|733
599|154
785|112
295|715
560|E885
E885|V45
532|531
V42|112
425|425
250.5|414
616|625
365|361
410|250.4
250.02|413
600|996
434|250.4
438|493
297|401
250.02|435
404|250.41
599|787
411|202
403|309
314|250
719|V54
285|455
332|427
295|276
575|401
250.8|731
70|414
410|41
789|E878
599|682
453|453
250.02|294
714|780
262|599
790|288
453|789
204|285
285|511
493|250.01
250.41|401
507|780
852|250
348|293
437|785
530|319
V42|402
288|E933
285|E816
592|250.02
E879|788
295|293
250.02|620
344|466
599|V12
284|280
155|491
444|682
279|41
162|300
496|788
E849|428
300|311
250|424
707|260
293|309
V66|199
280|266
614|218
592|296
250.01|V17
403|729
569|562
491|410
112|272
710|729
415|401
162|512
162|414
574|250.02
414|250.41
250.7|428
482|250.02
154|197
413|293
427|728
518|738
536|722
648|278
614|401
427|577
250.13|599
584|V45
507|250.01
787|553
996|492
799|327
799|162
437|276
825|917
272|272
790|599
425|788
424|285
198|997
250|478
560|593
535|535
920|E888
428|535
557|250
578|273
285|812
780|721
38|250.03
572|599
496|162
780|995
413|518
V18|?
V18|V17
572|466
357|599
512|250.01
599|570
996|250
250.6|263
241|289
584|560
342|780
786|276
789|272
410|280
428|402
414|440
599|202
586|276
707|482
414|600
303|518
466|250.5
V64|250.01
E878|41
276|342
397|250
780|535
250.13|V42
276|558
386|733
707|398
584|250.11
433|427
345|584
584|250.6
250|433
244|274
E878|V09
277|278
427|515
376|250
560|427
577|491
581|599
293|303
276|564
491|443
402|580
789|250.02
413|443
250.02|642
905|250.01
162|997
682|425
401|366
780|304
276|135
414|285
428|465
342|437
275|252
453|799
410|V45
282|244
578|272
729|780
275|414
728|41
427|569
250|V61
851|250
425|518
492|599
507|263
250|663
263|493
780|722
411|V17
278|614
276|574
272|V43
574|786
41|459
420|428
788|493
799|736
250.8|276
V85|278
578|560
428|996
998|E888
428|433
457|682
340|41
8|788
584|157
293|294
599|250.4
724|V64
850|250
592|250
577|578
294|300
722|305
998|578
250.92|402
642|250
38|414
788|285
424|394
682|916
250|648
250.01|789
576|401
998|424
785|288
567|491
577|250.02
276|729
585|710
278|305
530|536
799|599
412|794
892|E920
493|530
428|434
263|787
250.42|585
585|585
250.01|654
728|244
736|V43
562|535
V42|203
786|493
205|427
486|250.82
507|564
250.02|532
251|E932
250.6|995
784|342
496|473
V62|305
491|411
780|198
790|287
426|812
285|515
403|V12
786|278
425|562
780|E950
244|250.6
996|410
403|790
574|571
789|787
403|V10
680|288
738|250
263|290
427|511
600|601
515|357
584|38
491|8
250.02|701
402|V58
276|920
701|278
413|459
682|V58
331|305
592|337
E933|?
426|790
438|491
717|726
496|707
491|466
427|E849
250|733
310|250
466|493
998|780
560|386
250.13|787
201|198
319|295
218|278
250.02|290
584|562
608|493
825|E849
349|585
569|411
571|790
847|250
599|203
585|E885
590|595
250.01|396
401|V45
814|285
496|208
440|V49
625|305
285|238
250.6|825
308|250
997|444
E934|427
430|396
748|276
466|786
824|825
285|250.41
425|581
403|412
280|496
682|250.03
682|337
787|564
496|295
427|710
401|518
427|920
41|794
562|276
787|873
592|617
575|568
440|424
969|?
491|423
250.02|521
585|70
305|E950
285|518
432|250.5
427|203
873|E888
V42|786
403|440
424|423
788|276
515|707
250|721
785|434
568|788
427|790
396|250.03
40|585
425|402
707|440
38|507
403|253
428|530
157|276
812|599
E812|786
790|250.43
427|783
585|242
368|305
397|396
730|682
781|305
584|337
V85|174
564|272
850|599
511|291
591|592
799|295
138|E849
451|401
440|780
255|250.4
250.03|V15
70|V42
E885|486
424|295
250|327
729|272
V43|599
197|426
599|558
197|263
788|53
E849|250
413|599
719|V49
596|437
250.02|304
998|250.02
780|E939
998|41
250.6|E812
496|204
250.11|646
138|780
428|922
E880|250
411|204
493|250.82
204|403
250.02|V64
411|295
594|250
414|996
252|427
V49|403
303|250.01
211|535
278|530
280|211
780|707
465|414
201|571
780|432
511|707
203|198
516|428
316|692
196|197
424|515
515|428
801|518
300|780
157|285
420|426
250.92|682
41|250.6
V45|438
496|507
707|250.03
530|427
626|250
682|426
428|338
491|396
42|250
998|E849
574|38
553|532
150|197
198|250.5
286|458
294|263
250.82|730
287|E849
491|327
296|530
70|584
682|E849
295|275
296|453
401|564
780|584
724|789
536|560
558|244
492|V10
591|996
682|593
403|189
513|482
305|V64
305|427
285|784
250.4|585
491|756
530|250.51
411|292
608|788
404|276
53|401
584|446
426|238
782|414
428|531
V10|V45
285|V85
787|383
V15|278
307|250.6
V45|V58
496|747
517|515
799|198
250.03|965
411|250.51
9|276
997|41
396|290
521|250
728|496
567|682
585|569
585|562
41|250.7
576|530
493|41
578|515
722|724
V42|250.02
403|278
456|403
291|296
781|438
997|999
821|E812
515|276
458|E930
348|998
486|412
V17|305
737|250
250|218
486|411
530|196
250.01|296
427|715
515|337
997|V65
347|414
427|79
292|305
598|605
786|530
584|590
285|733
424|300
424|135
707|447
512|250
394|V42
250.01|553
278|785
511|197
435|250
438|250.01
285|618
427|565
574|784
276|253
337|530
296|280
276|243
250|466
557|707
276|250.53
283|569
584|203
411|V58
574|427
434|997
250.01|785
250.01|799
191|578
996|250.7
518|707
357|682
403|154
211|427
511|V10
706|278
70|304
427|V12
426|411
780|250.92
250.51|250.81
250.01|781
250.51|362
E879|293
799|496
382|593
276|V49
293|682
799|438
451|250
276|200
440|290
396|E927
250.01|663
625|401
277|276
496|443
E881|401
583|403
331|293
786|486
198|185
344|250
425|294
427|250.03
997|543
567|600
389|250
802|427
38|38
250.8|780
440|443
196|38
788|V12
569|250.92
427|250.12
70|906
403|437
E934|486
V45|788
472|733
584|275
303|696
205|729
300|319
41|784
571|427
383|382
250.11|272
518|V16
576|453
530|250.02
427|556
512|8
281|294
560|530
682|?
599|238
E888|424
112|250.12
852|599
197|493
496|591
250.6|250.52
202|283
493|300
38|780
8|276
250.6|945
285|311
812|E888
252|241
V55|41
425|586
403|250.5
250.6|295
578|414
591|403
614|285
411|447
250.01|719
428|711
552|285
294|250.6
250|535
453|162
250.02|70
781|437
496|279
286|294
560|414
599|782
250.6|250.83
577|553
414|794
577|157
710|701
172|250
535|716
787|714
577|287
280|287
916|?
401|413
998|569
496|117
524|473
250.92|729
413|715
401|253
189|263
998|568
427|V64
42|250.02
401|458
426|426
584|786
507|197
493|492
38|V45
599|724
518|710
781|368
478|401
431|427
296|458
788|250.12
427|789
410|E878
496|E881
359|722
424|V16
303|V64
733|733
576|793
518|8
250.12|410
617|617
599|V09
276|V45
496|998
401|568
496|751
285|E880
276|250.82
823|780
303|304
599|345
250.02|543
789|586
682|250.51
250.03|304
584|250.41
707|250.02
812|?
287|437
250.01|784
486|305
V85|428
250.01|730
496|94
483|799
250.02|491
490|414
998|8
250.12|41
569|250.02
786|787
155|E947
812|250
496|342
652|648
599|280
204|496
496|813
584|730
197|491
276|250.41
722|787
250.41|250.7
425|831
710|517
276|719
821|275
997|276
403|398
428|274
560|562
205|250.02
780|521
V10|V10
424|997
496|396
452|573
599|255
255|276
276|591
596|198
584|285
253|278
263|8
496|250.7
276|157
411|303
511|E878
414|686
787|438
398|599
453|V46
250.02|660
535|401
581|518
250.01|620
340|788
455|558
275|309
999|285
790|E942
303|788
153|578
999|496
787|729
428|909
491|V46
531|E878
428|250.7
577|303
576|295
V58|789
276|V11
511|562
492|707
287|204
280|491
428|558
250.02|788
511|532
558|403
490|530
197|789
569|403
151|276
E878|424
519|998
910|E885
648|665
428|576
403|486
250.42|402
584|557
304|280
414|715
647|250
625|272
427|V10
518|568
780|286
285|?
585|41
276|716
415|157
515|585
276|519
785|286
401|459
584|530
585|338
821|821
560|564
997|553
272|V15
482|560
799|728
38|278
585|445
707|789
70|250.02
584|528
V45|496
530|496
428|571
403|518
285|477
486|490
536|V58
250.01|383
276|E888
368|781
577|785
518|413
295|530
V10|250.4
424|584
805|401
250.6|788
482|785
585|E930
599|756
444|459
401|731
427|274
413|238
562|569
787|584
466|428
519|571
250.7|998
427|174
244|382
110|250
995|348
560|787
518|E880
250.92|434
491|197
401|583
466|401
38|348
403|787
710|780
250.43|585
191|305
486|V12
E881|305
415|486
907|309
789|414
V70|496
496|38
38|250.83
414|492
496|284
496|562
724|729
515|242
733|530
8|790
646|648
681|V58
E888|414
789|578
710|710
575|573
V42|288
250.42|496
453|585
197|516
286|496
189|591
428|997
790|486
444|440
591|998
486|275
285|285
995|584
V10|244
285|280
V85|535
428|V43
567|997
415|560
560|289
300|?
250.12|403
531|250.6
707|?
726|716
191|496
70|348
312|250
726|726
396|599
94|403
821|401
860|E884
V45|305
250.92|600
493|303
481|518
753|401
429|414
266|300
496|996
349|996
250.92|496
401|553
293|784
414|426
682|396
920|910
781|241
571|574
285|578
787|783
250|292
486|799
599|595
359|41
577|41
E950|458
250.92|244
348|584
892|250
707|424
204|625
518|255
791|682
571|414
203|287
250.02|135
285|250.8
788|E879
729|414
625|218
53|428
518|250.4
250.82|710
250.01|724
198|250.01
625|614
426|305
443|272
427|394
786|250.01
789|535
568|285
924|250.7
786|396
70|568
682|728
584|250.21
342|368
584|V15
305|530
250.13|250.6
E932|E849
493|424
250|585
411|112
38|996
250.92|410
287|493
E879|250
736|401
805|295
135|272
E878|250.7
584|519
789|338
282|198
786|786
496|250.4
728|465
V49|250.82
42|808
558|333
E932|414
540|401
998|836
707|715
427|625
V65|?
996|590
277|250
250.51|411
250|410
276|402
250.02|35
595|V85
434|401
427|238
227|250
260|564
280|411
427|435
596|428
599|E931
70|401
852|401
185|250
41|250.02
404|425
198|189
648|658
572|198
E917|331
263|V12
575|575
484|515
250.01|331
594|788
413|729
642|401
599|600
581|780
486|38
401|787
403|280
425|481
425|289
276|154
250.02|530
428|648
753|490
707|518
507|496
426|424
585|288
300|443
850|276
584|V58
E878|453
682|8
799|288
8|79
200|780
788|349
261|511
593|585
V85|425
780|250.51
482|414
189|723
515|403
263|496
682|715
719|414
584|580
486|580
682|782
575|576
579|552
413|304
250|574
584|380
373|250
70|E933
202|516
428|577
295|250.6
250.51|250.41
552|250
424|593
599|446
585|784
424|250.4
411|759
298|250
41|250.43
250.6|250.7
287|300
250.01|733
496|197
845|278
196|786
34|?
428|395
403|533
250.03|518
401|491
790|518
305|560
785|414
V85|788
414|287
807|E885
250.8|344
250.82|493
425|41
518|402
397|394
276|117
534|567
670|642
154|453
272|412
41|790
958|730
730|593
998|564
263|202
440|786
560|250.92
573|536
787|E935
802|E849
608|782
584|281
562|496
577|250.5
288|E947
590|592
750|599
303|780
413|412
440|428
585|453
648|250.81
41|401
396|287
403|710
413|196
292|295
455|562
790|E932
250.5|V54
682|515
284|556
276|261
280|E888
250.8|294
726|719
614|614
280|785
465|?
693|E942
590|590
681|272
413|593
340|617
845|250
681|250
362|250.5
250.92|907
805|250.02
611|250
840|285
459|401
790|707
783|719
780|290
486|112
521|401
112|V58
112|496
784|?
456|250
440|305
428|443
435|433
491|570
620|788
331|250.92
415|584
292|E939
402|250.4
V85|571
865|V85
250|338
250.02|446
491|53
280|571
425|305
253|285
337|250.6
584|287
924|E812
411|V14
436|997
512|591
198|V58
303|338
730|401
276|250.93
595|733
424|E930
438|453
730|94
789|576
V45|707
781|996
997|496
423|428
440|412
250.42|404
403|434
492|494
466|553
482|584
424|250.6
780|434
920|401
569|572
250|756
333|331
759|459
790|892
518|577
492|70
250.02|252
492|568
154|496
70|493
427|430
300|300
578|424
276|275
250.02|429
585|443
362|369
424|491
600|596
E878|V45
V65|278
784|V45
446|511
782|278
789|401
250.82|263
276|291
244|331
413|996
583|427
581|571
438|423
707|250.4
850|920
277|493
577|492
599|250.92
411|189
276|356
553|530
412|593
250.01|V42
53|425
820|715
691|112
576|276
V43|410
250.5|599
790|428
E932|278
403|410
250.01|309
285|681
585|553
250.01|535
585|286
590|250.02
702|250
285|255
250.92|41
786|V46
788|591
427|252
585|722
414|997
276|724
411|486
536|530
788|783
289|458
284|E849
287|200
70|518
733|486
427|211
401|V18
E942|276
303|291
996|278
424|724
403|560
250.02|577
287|573
276|446
595|233
585|348
716|401
496|294
453|280
41|584
909|V10
349|250
292|250.4
585|280
893|345
799|518
354|873
238|593
425|490
196|427
453|511
427|E812
440|272
276|266
250|562
275|402
799|415
244|272
428|580
493|799
250|V86
42|799
780|310
428|581
781|331
198|486
680|585
250.8|681
427|568
799|250
453|272
401|295
584|E935
466|310
V43|263
413|411
250.03|786
289|304
162|492
599|286
401|70
250|366
250.81|250.6
786|E849
429|412
707|V42
428|435
558|785
780|444
174|250
998|E878
557|250.01
780|E935
707|790
286|511
493|112
414|V58
788|428
519|250
465|473
250|V09
617|250
250.01|577
593|493
250.02|492
799|303
V49|250.8
568|512
414|250.8
305|577
560|298
250.6|458
401|455
785|151
348|427
507|707
250.01|426
285|573
70|250.11
790|250.82
172|403
250.12|784
V85|250.8
728|274
648|649
427|438
659|426
250|698
599|70
E888|250
711|402
151|197
682|V45
721|250.01
440|V44
493|621
282|780
473|250
571|V49
374|401
250.92|272
614|568
8|496
486|300
437|412
428|721
784|E935
250|473
789|577
38|491
493|519
357|250.6
280|599
E885|285
518|458
486|473
403|595
337|799
276|569
285|412
427|153
250.03|425
299|493
707|593
E878|785
288|496
599|916
515|402
200|428
280|235
250.02|586
788|788
276|327
413|997
250.01|578
394|710
558|401
493|340
780|729
278|790
584|153
493|425
435|289
437|V42
305|300
79|278
420|427
707|250.41
E849|250.6
153|?
428|787
183|197
348|780
276|250.1
V65|250
250.01|244
591|729
250|V62
263|585
250.6|515
507|518
413|278
486|593
435|E947
284|250
592|410
785|8
348|250.02
599|492
281|250
656|250
496|273
112|34
574|197
852|851
342|346
291|599
573|280
682|280
275|401
276|573
824|599
656|658
403|883
250.13|V58
728|707
250.02|277
276|199
394|397
135|401
731|707
403|211
873|873
V15|799
496|V43
996|396
287|714
250.1|244
482|416
861|276
577|401
996|599
577|250.01
401|250.52
277|285
276|E930
272|278
289|518
250.01|617
584|997
252|783
396|530
998|518
E947|250
250.7|250.5
518|197
572|285
478|780
519|272
680|250
428|715
682|38
555|263
427|198
578|564
250.82|427
250.83|424
403|530
440|244
250.8|414
816|824
263|265
410|202
707|438
403|41
250.6|250.43
250.83|276
758|216
250.02|514
578|428
250.02|203
403|580
578|569
578|242
295|V45
786|197
295|496
799|?
276|426
648|653
518|E888
38|250.1
491|112
250.01|E885
585|560
250.02|396
707|42
290|332
303|569
584|293
436|336
197|250.6
291|781
486|997
496|783
V46|428
250.13|276
788|V85
427|E878
998|218
456|305
250.81|584
585|V85
824|812
410|199
425|996
585|412
295|444
V85|250.92
592|599
424|41
891|E818
261|427
424|218
188|276
813|814
198|428
456|285
733|185
625|343
434|402
496|250.5
293|?
196|455
250.02|893
707|999
574|997
255|?
542|250
V42|V45
112|426
995|E942
362|250.52
202|V46
718|401
995|585
707|437
295|569
599|250.42
293|593
154|707
250.01|397
201|E930
285|295
250.8|273
540|996
404|496
707|296
682|285
250.03|654
250.01|585
403|252
284|136
94|401
398|250
437|290
531|E935
492|780
8|787
920|E812
70|599
198|788
303|342
492|V43
424|530
253|648
285|996
518|305
599|E950
424|E932
436|780
411|466
403|300
496|332
714|733
307|305
E878|428
135|599
786|403
496|842
403|493
428|813
530|578
196|428
593|785
411|535
287|287
486|345
627|V18
578|556
788|295
496|289
94|995
722|414
E879|141
8|V15
558|211
682|585
288|577
558|790
997|E849
462|692
581|276
E884|401
428|466
592|711
733|288
412|427
282|493
432|250.02
524|525
345|276
850|427
287|211
808|414
250.02|575
280|112
785|185
250.23|280
291|276
414|584
491|196
496|E885
710|112
307|250
287|458
496|244
722|596
799|466
558|562
404|250.53
574|274
250.82|250.52
996|284
571|V42
136|112
571|V58
301|427
410|425
425|585
250.8|571
345|401
493|305
665|642
250.4|586
577|573
197|574
250.01|664
323|41
250.01|682
E888|250.92
250.43|V46
438|736
411|416
342|294
496|150
733|724
413|501
278|250.6
305|518
998|272
518|251
E879|E849
428|V42
404|250
276|459
414|274
284|724
599|182
491|786
998|562
707|301
607|250.02
491|511
38|682
599|432
496|E928
784|E888
277|414
567|403
250.03|707
344|564
414|185
V44|V45
682|112
403|458
E939|296
745|250.4
560|242
414|556
780|V12
648|424
584|196
716|600
162|244
486|286
428|250.12
626|625
416|682
?|244
38|286
250.02|706
560|211
250.01|404
716|414
532|285
288|287
V58|162
250.13|?
786|715
305|571
424|275
196|170
496|730
682|458
496|455
250.01|908
826|E916
781|244
998|250.51
293|242
V58|E932
571|585
401|616
592|593
574|518
250.6|786
424|496
507|250.02
432|V45
348|295
317|244
710|294
435|437
250.81|V58
164|250
250|440
263|808
211|496
250.51|585
427|E881
780|727
425|250.6
446|E849
203|453
263|427
710|714
578|250.6
567|250
285|275
202|427
493|287
403|715
250.01|518
536|522
427|434
196|414
356|?
424|532
253|276
782|715
250.6|723
41|443
585|250.51
250.02|241
183|780
278|244
592|295
492|V58
788|601
402|997
584|250.7
780|435
250.6|272
401|781
401|536
998|680
280|250.41
294|780
780|847
462|714
V12|272
250.92|428
E858|294
296|414
427|V85
V63|42
250.02|438
295|568
250.01|287
427|722
V64|458
443|496
507|342
996|444
428|162
403|V15
E884|290
785|250.4
162|493
250.02|296
303|440
250.92|478
577|174
730|250
42|303
824|E888
601|592
E917|250
496|459
340|784
518|250.53
348|E853
730|785
458|786
70|473
278|593
285|196
568|272
569|250.01
723|784
786|244
424|575
428|459
411|405
919|E885
780|357
721|716
719|396
372|?
707|413
780|966
427|517
410|250.6
682|680
584|444
599|197
428|255
719|E880
E937|E849
250.5|250.4
397|276
276|590
570|428
873|401
441|428
562|300
709|782
805|244
42|591
478|716
432|780
799|719
311|V15
250.02|307
250.03|403
42|272
280|532
285|332
337|511
427|531
578|707
386|473
805|337
285|V44
250.02|967
276|411
707|198
680|414
287|824
380|238
311|907
556|255
427|535
286|428
293|250.02
591|433
997|590
250.01|204
250.8|458
V58|414
812|724
537|438
403|443
250.83|737
250|465
305|E883
557|584
780|263
864|250.01
996|416
458|558
496|250.92
535|250.12
186|401
263|401
802|305
518|728
305|789
V58|294
415|496
592|998
428|729
288|733
403|797
728|348
260|296
250.6|719
424|432
584|250.82
E885|496
53|204
511|285
V15|414
780|530
276|515
V43|272
493|317
799|305
303|280
287|486
380|79
403|369
496|415
250.02|515
E878|305
728|486
337|780
250.22|799
V58|V43
255|250.8
594|716
788|V10
250.42|593
403|286
250|491
349|599
537|567
572|112
287|403
112|428
70|301
997|410
250.03|276
424|441
459|70
682|V43
287|584
786|796
220|272
530|715
250.6|437
581|250
411|244
788|250.82
794|305
70|8
292|590
250|810
42|455
730|V09
157|577
453|455
284|285
496|444
E880|427
562|285
733|805
585|518
398|414
198|599
250.02|E932
V62|297
285|288
244|278
456|453
426|250.01
996|305
250.02|437
425|515
486|250.11
585|V10
E884|285
250|E882
250.51|428
599|728
491|453
282|250
780|433
905|E929
331|518
250.02|303
V10|788
491|307
574|331
493|327
428|79
599|153
246|250
285|558
623|285
722|780
710|41
250|V08
79|493
733|425
295|357
585|458
577|536
785|250.81
780|244
250|429
434|303
715|V45
531|263
786|553
591|562
780|831
425|682
285|782
997|997
446|287
278|V58
V49|515
416|V58
402|511
518|250.8
250.22|70
276|527
455|280
311|332
821|250.02
410|995
424|707
496|922
599|297
295|515
397|518
250.52|584
599|719
250.02|719
425|V15
344|425
287|331
786|162
781|820
805|780
682|799
531|280
250.03|664
263|183
568|553
584|300
250.6|416
426|787
785|295
70|555
288|153
511|493
401|266
458|305
998|458
733|285
401|443
276|727
424|802
682|332
998|250.6
995|250
250|458
682|574
593|250.6
250.01|660
428|420
402|416
807|402
261|54
722|274
427|244
584|151
415|453
203|427
496|386
424|426
492|600
992|250
174|511
293|E900
456|303
309|412
799|112
514|414
780|368
998|736
293|270
197|486
480|787
493|493
276|250.7
427|E932
428|782
E928|733
250.13|401
117|V43
250.6|586
425|211
425|250.51
780|413
427|V44
342|427
599|198
719|V12
204|491
459|V72
E878|440
348|342
532|401
996|250.42
427|342
908|E929
562|562
427|440
923|E885
453|197
38|601
292|428
842|E888
V43|414
518|492
453|250.9
250.12|584
285|424
794|785
250.41|583
427|924
815|E812
518|317
305|428
344|318
250.82|287
451|427
41|272
584|577
511|394
808|E816
593|592
295|250.01
250|665
459|714
710|493
250.92|E931
707|285
250|533
707|578
403|342
428|596
250.01|E878
427|455
250|596
424|250.01
537|534
338|250.03
785|496
730|599
616|250
305|V14
424|682
V54|V45
382|351
70|799
250.6|681
453|E927
710|284
577|531
790|211
710|276
802|E816
860|865
560|553
250.92|V15
553|V12
496|E935
V58|424
38|731
784|V12
438|333
682|708
250.02|790
286|571
599|311
585|438
208|278
276|751
805|733
486|998
590|601
780|312
799|V54
530|300
410|785
493|997
250.82|428
V57|V54
305|200
808|496
786|781
682|924
491|250.42
485|250
255|285
284|238
153|250.81
323|584
250.03|891
V42|571
569|244
999|724
507|584
317|300
411|578
V42|425
289|724
590|600
250|454
250|583
492|412
403|E885
923|401
785|250.02
495|202
41|338
728|295
680|V64
788|998
E888|715
42|250.4
34|250
453|584
40|584
577|452
596|997
537|276
920|923
197|250.02
250|659
285|E888
250|693
414|277
295|?
466|414
402|287
255|244
306|786
560|V15
722|V72
189|199
753|250
680|276
585|511
787|724
242|276
250.33|584
421|38
712|250
V85|530
627|414
427|784
287|41
733|568
493|464
682|404
94|782
627|620
453|250.01
685|565
394|496
794|786
807|250.01
250.81|?
552|250.6
571|491
493|648
250.4|285
402|250.6
455|250
250.01|V12
456|70
560|557
411|746
338|368
593|427
788|272
535|250.02
575|714
311|593
492|789
571|571
276|V43
278|428
276|533
496|135
403|578
590|V58
261|424
V45|250.6
427|391
434|780
250.43|404
250.13|570
E878|285
V23|648
276|694
518|278
V85|305
787|285
401|300
537|599
789|E934
204|562
444|403
242|518
511|423
518|519
250|110
250.51|285
295|789
453|342
574|599
112|278
401|372
707|486
402|996
577|211
V14|250
780|E888
348|428
250.11|403
998|E887
780|998
581|162
518|437
427|738
585|E878
285|529
473|250.4
518|426
280|618
491|205
518|569
312|414
601|788
923|438
70|490
403|292
681|250.6
515|783
599|299
496|799
909|E878
428|438
585|437
38|398
995|453
250.02|607
378|250
789|596
591|648
428|V58
E942|414
401|E932
135|414
910|E880
411|250.43
571|486
8|250
296|E813
711|250.6
560|518
436|414
434|745
997|428
413|V42
198|287
135|719
250.4|V58
780|41
42|428
70|433
263|414
V42|599
250.02|V10
707|287
197|403
428|164
331|272
E942|250.4
276|490
162|507
682|253
607|786
295|V58
496|V12
571|576
427|507
V42|250.51
425|263
250.11|401
535|285
250.01|307
250.4|250.5
425|286
533|250
287|413
425|E879
250.8|303
E888|802
607|V58
784|781
604|276
280|626
572|401
153|997
398|397
301|272
344|138
723|337
590|280
197|250.52
218|616
560|250.42
599|781
706|250
276|17
805|584
536|41
733|276
569|578
568|V55
486|288
414|238
403|263
301|915
799|515
482|401
574|41
851|427
577|692
272|311
560|250.41
410|424
617|627
296|290
746|414
242|626
414|782
780|682
729|274
789|579
995|327
250.53|815
112|571
425|693
427|492
518|466
411|438
913|?
303|296
799|434
285|574
434|250.8
416|426
617|626
261|805
401|274
295|197
425|255
V58|593
162|112
536|553
518|300
438|410
285|533
250|301
197|V66
705|250
E878|521
200|250
286|250
486|263
154|199
286|401
486|255
584|41
E884|780
759|473
591|250.4
486|466
787|575
V10|429
493|E880
348|332
42|202
995|428
496|457
V12|412
789|250.01
250.02|716
599|574
250.13|486
162|263
348|733
566|250.4
342|V85
444|443
244|E932
711|41
252|250.02
482|518
813|812
728|511
805|913
715|781
287|396
198|112
496|569
E935|280
807|922
188|250
414|535
414|786
719|721
782|401
285|250.4
780|V62
531|518
728|250.92
427|437
535|291
293|799
401|790
38|197
340|710
999|451
403|553
E942|424
599|592
242|362
290|276
276|271
492|276
590|998
403|714
E878|443
262|V10
434|433
452|305
788|?
41|425
860|861
196|574
250.02|284
300|296
250.6|424
138|379
493|V42
511|788
424|E849
293|V45
358|285
746|285
112|263
250.02|263
342|414
250.01|150
511|198
294|296
285|281
250.01|438
182|414
435|443
591|564
648|652
578|401
300|V15
303|496
197|250.01
272|305
311|401
491|250.7
320|202
730|681
724|285
256|250
38|425
511|250.8
V42|250.01
574|340
780|V49
428|714
482|482
E942|250
553|593
284|571
348|296
405|173
486|250.81
591|285
403|295
250.7|787
607|735
591|280
151|568
250.6|252
346|311
785|433
787|784
556|518
575|789
799|567
112|250
780|416
V43|E885
203|593
295|564
285|305
411|482
289|401
348|162
564|562
433|38
145|285
574|250.01
437|331
174|198
425|530
518|447
788|707
787|272
599|625
403|733
719|427
E934|724
530|531
293|V43
980|E950
150|401
252|997
730|427
294|991
38|389
250.01|491
786|785
346|401
571|403
E928|250
682|173
592|250.01
560|584
250.01|V44
805|808
435|386
41|680
276|382
442|786
E858|410
571|496
785|443
288|200
V46|401
276|831
337|?
250|428
780|347
535|V44
V85|250.02
998|493
414|788
491|300
515|V46
196|493
707|710
782|780
345|996
305|731
733|553
276|317
203|585
599|303
746|411
250.92|427
730|998
646|250.02
250.01|V43
274|V18
456|E885
424|E880
788|578
616|620
496|V10
V49|585
496|V63
342|733
9|456
337|414
437|923
518|V42
781|285
584|575
250.01|716
E932|250
507|578
562|578
599|346
42|573
201|493
295|250.12
403|564
397|584
284|789
577|438
781|496
517|532
425|E849
584|996
402|396
496|560
411|784
486|733
V02|V09
564|V58
401|411
785|250
413|696
403|600
212|250
285|752
E944|785
250.11|331
403|492
425|608
E878|724
276|34
401|533
196|568
396|250.7
204|202
424|573
693|443
440|250.7
736|305
397|414
458|530
411|780
680|250.02
V42|492
196|733
924|E888
569|707
289|780
403|250.43
451|263
491|494
823|250.6
428|197
377|428
8|574
276|250.12
427|286
434|443
463|?
552|278
487|250.42
204|276
780|710
787|414
585|250.01
426|425
486|284
433|79
820|250
V85|244
790|536
599|458
403|721
323|278
558|?
714|356
255|562
722|250.01
250|356
730|728
402|426
295|V15
710|413
E933|183
784|345
480|276
286|998
585|E888
199|211
790|263
342|424
733|727
250.02|8
304|162
411|V12
707|V58
821|250
595|428
998|799
492|E922
458|272
401|437
402|466
357|415
785|180
486|289
404|V45
998|282
599|836
183|250
790|278
997|285
V58|527
253|562
585|788
923|570
414|719
263|574
698|250
453|E878
156|599
E880|E849
571|458
799|698
217|401
491|162
682|906
496|710
V70|433
611|413
286|788
491|38
250.81|780
780|596
413|V15
414|250.52
491|250.41
486|41
280|614
535|340
575|285
53|250.5
716|250
311|346
263|250.81
734|250
295|295
780|411
441|401
860|807
250.6|473
807|923
427|70
211|41
425|228
428|E849
425|780
718|250
154|218
277|440
840|V64
162|416
585|514
493|285
196|500
70|780
250.53|250.43
290|428
284|403
792|250
557|278
278|781
202|250.02
286|285
682|518
250.13|998
226|401
780|426
558|786
721|433
413|281
E927|707
569|599
789|238
590|424
282|276
486|V42
286|250.6
42|287
250.13|435
378|272
276|343
724|715
425|787
305|681
E950|295
493|242
599|250.81
284|250.7
424|282
250|319
288|162
292|E885
250.8|709
380|401
780|466
286|244
799|V45
431|593
873|369
V49|522
196|162
802|871
980|?
440|250.92
426|998
E878|287
425|789
997|250.53
710|530
584|V42
404|413
277|250.6
276|323
496|250.42
785|440
344|368
280|8
276|792
682|286
323|599
V46|250
172|571
305|962
788|443
V45|530
891|E849
584|789
571|438
707|332
593|V15
428|507
745|290
284|196
556|496
413|447
785|995
814|458
574|280
787|V60
250.5|337
342|250.02
311|300
197|261
295|244
567|250.02
402|731
707|8
286|403
593|564
516|458
881|919
996|998
571|285
486|578
263|287
453|780
263|70
511|402
438|729
201|41
70|411
428|V64
250.8|433
296|301
584|284
413|396
403|786
283|401
428|250.43
781|715
250.01|824
996|507
567|518
250.01|211
E930|250
486|648
272|250.6
781|427
511|250.6
710|786
250.03|652
303|70
V45|276
444|707
411|250.92
996|250.13
V42|424
295|788
493|202
V49|707
491|515
276|796
285|596
428|873
250.6|922
E870|414
425|492
959|E906
709|250
427|745
574|V62
799|285
346|?
486|880
491|250.43
198|591
707|794
577|425
444|447
585|263
491|244
492|285
304|424
707|493
70|296
681|882
578|202
342|425
728|719
794|496
996|276
305|306
507|250.41
284|456
428|196
661|V27
250.03|V49
738|722
847|842
135|285
357|337
807|401
250.8|492
250.01|443
220|218
852|285
284|305
276|595
250.6|V54
250.11|493
424|564
486|272
585|490
324|285
276|917
591|596
496|429
808|276
285|531
285|786
578|283
780|725
724|358
112|710
401|440
280|584
368|250.92
465|285
280|369
451|250.02
287|295
715|244
294|332
428|250.51
162|786
413|788
303|728
282|250.93
783|794
435|V45
448|603
V58|311
V65|425
726|250
707|698
304|710
250.82|305
427|397
558|535
368|780
590|41
996|595
786|346
285|530
295|E956
425|584
794|272
724|787
456|572
156|197
V42|420
585|455
810|861
278|272
805|260
255|558
250.13|649
285|112
276|332
E928|401
658|V23
112|250.13
947|E861
V54|412
807|873
496|512
276|369
680|401
462|593
425|404
786|402
433|V12
157|280
250|V16
365|250.51
724|338
174|599
785|423
365|401
590|573
438|344
441|411
599|597
435|280
434|518
492|799
200|250.01
272|362
?|959
456|496
428|V15
591|567
583|780
154|250.8
728|250.03
599|530
451|278
645|663
303|272
250.02|525
722|599
507|414
V42|444
E849|290
288|682
290|V66
998|733
416|428
493|782
458|780
403|466
578|403
998|453
38|287
250.01|E928
560|591
397|789
345|162
997|E878
V10|V15
303|794
250.02|573
319|401
200|427
46|79
357|276
998|599
996|250.02
518|303
295|306
585|413
250.82|112
304|493
433|426
401|368
575|272
920|250
250.92|665
571|599
996|607
714|V58
991|553
198|511
155|458
427|V14
41|305
428|627
135|715
155|197
415|250.02
820|913
873|250.6
883|716
413|250.53
585|423
564|E935
883|250
250.82|571
278|287
V58|496
262|997
491|41
V70|V45
250|E919
715|719
278|403
518|593
428|E888
813|401
785|402
585|9
250.6|412
301|724
996|V43
996|334
550|568
250.6|682
E935|401
V43|280
155|789
511|300
998|196
836|717
425|569
410|794
786|793
426|486
276|348
756|414
E885|492
250.02|625
599|355
564|E947
724|V45
263|707
250.92|285
311|244
599|V15
427|310
288|799
569|280
157|250.01
568|620
301|V62
420|135
820|707
750|411
250.13|285
250.01|787
731|41
924|E917
780|719
362|368
788|790
285|246
453|820
274|785
493|788
428|494
516|V66
41|598
494|413
577|998
584|536
780|250.83
8|557
507|287
866|861
250.12|659
507|995
403|421
682|162
493|365
250.03|599
537|511
598|788
197|511
V85|272
491|998
707|309
250.82|8
788|511
728|305
424|511
550|244
403|789
492|577
611|414
453|591
397|733
402|492
721|729
537|285
V45|410
250|783
250.52|276
279|496
493|441
780|536
300|272
870|810
466|250.6
287|459
493|511
456|428
41|599
250.6|465
599|703
644|590
V64|401
345|428
401|396
780|211
211|414
250.6|285
710|437
414|745
250|654
433|368
250.03|492
585|250.8
790|401
196|196
710|515
599|208
434|414
276|440
574|568
573|276
70|V12
424|70
296|733
820|403
553|280
465|401
331|V58
780|425
242|413
458|599
435|438
42|276
136|311
729|438
426|997
285|340
250|387
682|E916
40|707
707|V85
682|250.7
250.41|599
780|250.5
E816|250
331|250.6
599|V44
627|250.6
296|239
799|47
397|434
280|250.01
881|891
519|401
285|726
204|250.01
458|428
567|790
362|402
244|280
8|535
296|780
287|70
576|577
425|V65
423|998
691|250
154|198
348|576
162|515
585|466
428|112
496|291
555|414
592|340
340|729
802|930
719|905
787|403
482|V09
783|788
996|453
250.03|285
204|284
491|135
730|244
198|780
425|511
780|441
786|599
202|204
486|535
535|211
250.42|414
287|410
851|518
496|717
453|250.6
250|647
425|459
42|486
530|250.01
446|518
250.1|278
486|787
242|599
796|250
8|250.93
907|?
427|721
284|572
202|135
427|851
427|185
263|250.03
780|782
536|288
560|402
250|920
491|250.8
250.12|402
322|250
562|414
799|424
496|820
536|724
250.02|518
492|272
515|416
997|794
292|786
285|V64
953|250.41
V43|781
394|401
304|303
427|368
294|530
292|?
574|428
250|V13
250|420
682|250.8
511|112
799|410
435|491
331|726
250.02|205
286|276
250.8|682
920|924
511|250.4
611|724
481|995
416|412
135|786
348|414
693|E930
41|996
8|203
574|794
276|969
344|518
595|616
996|V45
586|272
786|585
693|276
959|250
402|438
736|427
250|V64
172|414
410|272
599|454
344|250.02
596|455
496|716
42|403
512|428
276|783
786|V85
786|729
250.6|438
574|584
491|562
596|599
287|578
197|512
458|785
411|250.03
196|425
204|337
535|V45
707|533
577|V42
787|57
710|736
V42|724
414|278
786|492
789|733
716|250.6
573|426
443|V45
620|218
428|441
788|403
295|V49
805|250
536|577
599|590
410|V42
464|250.6
682|440
322|951
853|780
250|365
907|780
413|274
421|427
560|V10
197|560
516|162
285|E849
V42|250.81
357|369
780|553
362|250
780|346
438|781
873|780
314|313
V60|287
428|300
352|493
780|E944
428|790
189|276
584|482
250.02|433
433|250.81
348|275
38|482
287|342
189|511
648|657
427|317
998|V58
V85|458
987|493
493|747
531|V15
496|715
V70|250
567|428
250.02|557
E885|414
250.01|197
599|250.9
722|427
585|440
575|571
112|799
789|250.53
786|289
401|465
511|716
440|276
304|738
577|790
277|577
996|784
682|357
518|250.6
812|812
593|403
577|585
721|342
294|437
214|250
244|490
424|626
402|250.01
965|296
730|496
440|730
276|537
493|722
997|432
V09|401
719|250.01
278|715
250.13|424
285|569
283|284
496|781
411|V63
780|250.7
V85|511
562|787
162|153
163|284
486|250.01
590|790
E849|584
585|?
V45|250.4
285|456
296|244
807|250
492|493
446|8
599|242
420|511
414|404
710|403
V10|272
571|199
974|403
808|805
250.43|403
250.81|530
805|403
730|440
250.6|250.42
E849|E935
511|933
276|396
518|590
272|250.01
250.03|428
250.03|621
287|574
733|208
507|787
599|695
?|427
295|250.51
584|303
403|250.7
250.02|591
304|466
515|682
438|188
V63|682
593|V42
250.02|293
272|564
250.01|V25
202|334
280|556
998|403
285|290
507|730
453|305
250.6|305
780|E878
293|331
648|401
272|276
607|605
402|784
396|197
577|780
250.41|785
432|428
276|349
426|E817
733|198
998|444
802|403
862|338
303|584
250.02|796
204|511
794|V17
396|428
724|722
816|922
626|621
280|530
250.01|304
511|272
999|250
280|440
342|599
294|225
250.01|511
293|996
410|250.7
577|V45
820|599
8|428
578|286
466|799
70|578
595|250.92
519|799
242|627
707|204
225|401
486|515
413|?
250|737
785|41
496|620
584|49
842|807
250.9|414
478|591
410|555
250.01|560
428|185
250.6|280
789|788
802|802
198|722
250.81|428
250.01|218
511|278
425|250.8
567|V64
459|707
576|41
807|729
204|255
780|E947
560|998
112|41
41|453
780|552
433|244
572|70
682|135
214|368
250.92|786
154|V58
440|250.01
V49|294
300|318
278|736
682|250.92
707|311
280|V13
486|789
189|285
425|53
707|340
402|789
780|V58
440|785
196|533
413|560
403|570
E936|225
287|425
496|784
250.12|38
490|427
881|?
789|564
250.01|591
487|401
512|V15
309|300
458|593
426|295
456|456
250|573
560|569
41|279
722|250.6
996|V42
250.42|413
780|724
723|729
585|714
728|922
570|70
753|427
707|787
780|533
250.13|250.43
575|997
573|737
286|710
428|V85
496|308
250.41|536
250.03|648
428|569
V45|244
342|402
426|410
496|438
799|135
453|150
813|E888
786|285
322|38
396|250.02
307|438
287|782
780|577
250|179
295|41
496|349
250.52|244
38|250.7
296|786
244|785
729|710
?|530
599|507
150|433
731|401
278|276
518|E878
424|340
V85|780
276|V08
486|250.42
V63|585
280|507
496|331
414|447
680|496
411|433
218|617
V57|V43
396|416
294|V10
250.01|805
296|427
575|558
592|427
282|333
824|414
530|280
998|574
535|357
682|410
280|458
287|355
250.92|300
518|250.41
585|V44
204|813
244|791
250.01|441
233|553
287|344
514|428
V85|41
250.93|428
362|374
280|558
455|250.6
292|599
250.1|123
591|V10
274|401
250.11|250.6
433|781
491|250.6
287|174
562|682
550|V49
493|515
493|416
491|569
427|365
585|155
162|189
998|250.5
305|311
E935|424
138|250.6
E888|362
682|V10
233|401
707|823
789|780
567|585
311|?
428|202
403|E879
285|813
465|403
783|493
999|916
426|412
V42|753
552|998
998|553
562|493
473|473
444|805
780|309
511|199
581|272
601|E934
536|8
493|443
263|577
250.42|428
278|784
729|729
413|486
E935|428
575|424
733|729
429|428
305|882
753|728
789|285
727|401
413|255
461|401
567|305
250.6|537
250.8|403
648|647
999|414
619|250
785|E916
305|V12
821|496
280|311
789|621
786|799
784|276
599|794
276|570
584|402
562|428
425|278
492|530
556|196
V17|?
412|272
493|413
441|414
413|433
287|V10
305|799
38|410
486|196
998|304
571|295
453|404
726|250.02
516|562
491|198
395|414
202|411
198|V15
402|V10
427|733
789|511
272|780
403|577
805|426
284|462
292|E950
?|591
707|807
788|E885
585|V64
250.53|424
728|924
211|787
V42|441
425|462
682|998
989|278
790|250.7
596|788
924|E884
250.83|342
569|V10
251|348
403|416
276|250.22
272|V45
250|924
576|204
250.6|70
154|276
996|753
536|250.02
250.6|425
303|250.8
251|250
428|562
250.6|491
518|535
203|486
351|401
493|433
250.02|279
648|670
293|287
808|808
41|285
38|E878
496|802
305|786
8|682
278|278
491|723
411|854
295|473
413|250.4
428|728
305|584
305|998
820|812
250|373
402|599
585|486
152|531
625|618
438|287
496|714
189|250.01
286|362
710|585
425|733
996|447
707|436
401|627
191|401
536|458
486|462
411|250.7
585|530
303|731
566|305
490|250
263|250
157|599
850|511
789|585
196|281
250|397
596|998
250.6|402
403|447
428|455
794|288
218|620
428|303
707|596
250.7|785
V10|411
906|250.6
427|429
722|998
V42|531
523|250.02
593|296
599|250.41
789|305
250.4|519
788|738
620|414
403|304
820|250.02
287|648
461|202
250.01|694
934|787
790|294
414|783
958|285
515|332
425|285
496|905
203|584
250|989
V44|250
401|V49
788|682
794|414
V45|453
521|427
574|V85
492|244
584|295
821|E879
787|786
286|283
648|282
713|327
292|427
287|473
250|185
276|E941
808|403
428|250.5
802|599
414|789
E812|401
560|E849
959|E888
599|250.13
305|412
428|916
250.6|358
535|303
154|425
250.4|571
560|491
518|619
250|416
659|250
714|790
531|?
250.93|648
530|780
584|722
473|401
682|305
540|250
527|401
493|682
413|581
287|397
425|397
250.52|427
787|478
205|250.4
427|564
648|250.83
881|428
584|572
309|303
496|E947
280|288
250.6|369
250|266
413|337
426|285
599|737
593|272
438|780
444|V42
238|250
591|185
486|465
250.4|493
285|696
492|473
492|250.42
564|282
998|411
196|278
211|401
70|309
E936|E935
493|296
396|584
V45|455
433|593
V58|296
786|255
466|305
357|536
996|250.01
380|780
441|427
250.11|250.41
565|608
599|E936
723|719
444|823
998|581
789|569
285|174
285|443
426|512
440|?
716|790
250.02|411
202|453
429|278
562|599
611|41
E947|V49
521|V72
648|345
786|496
276|358
799|E939
730|250.82
746|427
276|250.51
805|250.6
250.01|473
401|327
386|402
276|802
783|285
287|412
453|V42
585|349
138|199
280|537
648|661
510|446
E888|272
285|537
722|354
723|788
680|693
250|V49
424|204
799|780
451|276
305|585
296|V85
208|414
711|998
V15|V12
512|276
682|250.81
492|V45
459|272
707|416
714|593
444|496
424|304
486|443
263|327
535|584
567|276
278|617
250.4|?
574|424
201|496
730|425
599|535
723|721
307|496
453|53
250.2|V58
496|411
425|782
730|424
603|250
394|250
204|427
295|443
807|805
250.92|799
411|282
625|998
592|592
250.8|560
560|V14
413|398
466|427
437|401
42|286
386|437
287|562
570|276
357|332
250.83|250.6
250.01|201
435|276
287|170
401|433
718|718
584|493
599|189
250.8|345
518|250.92
593|780
403|794
410|535
784|461
276|512
707|490
733|250.01
996|V12
577|263
645|648
250.12|535
431|276
996|780
285|785
789|278
453|535
110|319
733|428
560|42
250.82|780
593|478
250.92|512
331|431
322|401
455|272
568|V64
250.8|293
790|491
787|154
799|528
E942|584
272|250.02
427|512
295|625
E928|185
293|599
491|785
434|515
448|401
512|162
493|397
581|250.52
532|250.6
584|532
780|799
250.41|780
250.02|519
250|318
79|250
250.7|518
286|719
305|807
788|530
38|421
250|277
578|155
196|289
358|V46
70|282
285|600
426|585
338|414
794|359
455|244
401|250.93
250.8|438
180|401
401|211
342|907
998|785
812|715
574|?
250|598
560|861
511|420
571|518
998|250.7
616|617
557|518
482|516
718|721
789|789
112|401
276|214
300|716
250.82|255
584|424
558|250.01
484|599
331|401
E932|786
41|348
512|250.42
820|780
287|250.4
196|697
287|786
276|487
203|284
443|250.6
304|682
707|826
552|280
567|496
591|250.53
491|581
266|250
415|428
250.01|610
V49|250
780|V42
70|V15
319|V15
567|511
138|745
461|250
707|348
493|135
250.03|300
V42|287
?|428
427|296
578|291
349|250.43
250|755
783|738
401|112
250.03|659
781|250.02
250.6|250.53
332|428
112|535
924|923
V85|791
808|8
403|V58
415|728
781|278
285|282
998|788
730|428
722|426
286|518
910|916
428|337
847|924
682|294
53|780
426|V42
462|414
786|782
556|8
276|246
203|425
515|275
682|523
276|211
572|995
491|733
821|825
276|437
428|595
283|202
414|423
428|250.1
V85|?
577|304
162|272
280|V10
250|492
250.01|348
E817|305
79|376
396|276
440|241
786|424
595|250.5
435|493
448|784
75|78
295|332
584|V85
344|414
403|296
70|E931
403|274
782|272
553|244
496|183
70|305
250.41|427
8|427
458|281
683|296
745|250
577|357
250|174
70|787
250.01|998
518|327
557|787
94|414
996|V58
250.02|E888
780|342
486|70
340|428
710|402
250.01|277
428|335
290|596
303|263
8|733
584|E930
276|122
444|493
410|416
425|112
599|201
493|294
411|577
401|310
131|278
599|336
332|437
250.02|472
595|250
599|440
802|250
924|305
461|793
550|455
285|E881
579|V18
V10|414
786|716
198|174
591|787
785|250.7
425|E878
997|436
280|42
204|287
424|781
250.13|473
250.12|788
287|462
799|405
996|584
482|403
V85|496
433|780
486|295
496|277
456|284
440|358
111|?
197|997
707|275
780|873
722|V45
440|581
255|V42
354|355
403|V85
784|490
785|486
482|458
558|722
560|568
786|625
414|599
873|920
401|840
785|731
620|458
197|272
618|623
414|288
292|292
574|530
536|584
586|782
42|427
41|211
250.93|?
530|250.92
511|202
285|E934
411|443
515|E885
486|281
805|E888
427|466
426|558
V85|785
403|723
344|276
250.92|211
348|344
411|715
512|799
726|250.41
997|250.01
741|719
416|574
276|731
681|945
682|262
250.03|405
196|211
202|522
327|786
485|401
995|577
707|V12
252|493
453|459
781|729
289|250
578|780
297|298
250.1|342
427|150
532|280
481|V46
276|110
907|250
250.5|250.6
428|356
433|440
250.92|599
340|996
211|280
V72|V58
250.13|252
278|780
250.01|E879
412|250.02
E934|496
244|305
578|530
298|301
682|716
401|342
787|530
425|790
202|272
E879|112
154|284
434|799
348|707
753|788
518|196
410|682
492|788
287|585
496|737
303|685
820|410
250.22|286
456|250.01
135|571
790|787
285|242
250.7|403
8|112
998|996
438|413
599|453
569|568
250.02|412
287|197
250|807
533|535
860|401
E812|250
250.02|312
728|287
451|250.4
8|424
560|280
415|427
386|V12
785|530
882|401
585|294
276|281
250.22|425
591|493
79|V15
250.02|201
799|786
723|250.6
413|787
507|493
626|401
592|414
250.81|250.7
481|584
530|332
411|343
250.02|218
812|V85
780|298
995|403
788|425
433|433
250|V60
425|558
511|458
276|368
729|428
233|403
305|294
553|305
511|250.43
218|280
250.52|362
41|788
250.92|389
396|250.8
198|251
431|342
V42|250.6
285|402
784|E942
996|402
437|530
787|578
493|721
286|V12
458|403
E821|250
251|250.01
574|560
729|781
250.02|784
V15|780
788|756
V58|569
493|252
250.01|996
799|V58
844|E880
682|250.5
295|V64
511|560
250|578
189|584
276|557
250.02|346
401|333
496|807
403|959
599|E930
425|571
486|V10
515|536
203|599
796|426
288|333
303|682
250.13|584
577|427
620|575
453|415
V42|518
493|478
242|786
340|596
157|427
790|493
805|876
251|780
136|428
428|290
558|599
250|599
426|782
780|611
162|799
305|250.03
152|196
786|V62
424|280
997|438
250.82|595
411|458
413|591
425|301
V17|401
426|437
425|250.7
416|553
250|569
518|484
438|433
433|204
280|E932
424|595
276|443
428|793
263|404
443|250.8
401|681
340|443
831|275
E878|411
453|553
924|E816
255|250.6
729|354
780|251
440|518
E935|41
578|562
411|515
571|185
441|553
292|303
707|735
599|569
285|714
995|785
197|620
820|733
250.22|112
198|412
530|786
872|E888
486|280
250.01|515
401|V62
496|E932
276|54
425|196
782|250.22
250.82|403
496|V62
304|V12
459|182
620|493
250.6|584
595|V58
185|275
250.42|728
427|570
808|138
444|427
807|921
250.02|204
250.02|382
135|518
780|758
780|440
968|E855
305|410
410|451
584|272
276|E879
250.4|787
162|331
513|730
203|288
812|E849
427|E935
486|410
E939|244
864|860
482|786
584|998
379|250
287|E884
784|250.6
648|669
515|401
276|307
250.41|492
585|E947
397|560
808|E881
781|250.01
425|593
312|318
707|94
590|285
250.01|196
294|?
492|997
290|301
286|562
585|416
813|733
162|787
E880|414
831|920
272|185
250.92|948
707|V54
331|924
438|414
590|438
595|715
V58|345
V42|491
444|197
402|425
571|784
537|682
599|575
250.6|244
595|250.6
276|596
V42|394
996|552
714|729
427|595
997|492
V72|616
560|997
282|518
250.8|?
805|802
250|342
915|681
289|424
E934|V10
446|584
263|783
741|276
198|596
998|442
590|250.7
413|285
255|304
717|414
805|427
?|780
250.41|425
E849|912
250.6|596
305|112
296|V09
512|E878
560|736
453|151
292|250.01
411|562
V58|276
789|286
250.52|250.7
135|V43
780|332
413|250.51
434|305
560|459
250.92|426
413|250.52
490|E849
574|294
496|227
277|403
820|401
411|311
162|785
784|250.7
552|?
707|278
486|V45
790|780
780|907
250.02|402
456|707
411|441
276|626
807|599
V58|427
197|599
682|729
250.02|110
427|726
707|924
820|285
440|437
591|530
805|511
305|532
204|250.02
845|E885
584|304
204|913
277|112
410|53
719|255
456|573
733|253
599|473
401|250.7
883|E919
288|401
440|208
682|731
294|V42
721|715
581|285
434|351
244|786
155|275
433|V45
204|345
?|278
721|724
250.02|696
8|578
259|?
250.01|458
250.02|V66
453|V10
847|E812
571|593
157|401
155|576
276|340
481|491
356|722
290|285
54|453
466|272
250.01|280
427|E934
250.03|309
493|731
401|V42
812|401
789|783
382|380
724|496
518|E950
E927|401
558|204
562|305
511|287
250.83|730
360|401
438|959
682|790
707|304
348|507
562|282
585|786
396|V43
250.82|377
250|847
250.81|8
780|E937
197|585
682|714
250.01|556
444|272
784|294
599|252
250.02|465
338|250
823|438
250.41|584
451|289
786|578
41|915
728|272
V85|493
285|478
342|250.92
595|780
580|403
314|303
599|924
305|304
397|417
410|244
53|250.02
280|250.6
11|420
518|411
251|599
250.02|E942
304|519
368|401
790|153
707|491
584|733
276|V44
571|218
599|250.03
557|496
573|789
802|923
420|414
465|250.02
357|496
705|401
718|305
816|E849
583|?
426|V14
280|272
824|401
225|250
276|162
682|457
790|786
420|787
250.6|585
112|493
714|493
198|172
475|401
250.11|415
250|E881
250.03|788
38|584
584|189
491|527
790|253
70|428
276|273
729|458
280|707
262|276
583|585
V63|428
403|582
784|593
189|196
304|70
250.41|758
515|714
185|197
507|250
135|250.01
E935|276
789|427
250.4|296
496|112
403|441
V45|794
411|710
250.01|290
789|491
250|284
303|998
733|599
197|531
250.02|443
444|250.8
196|340
294|250.02
552|295
E878|780
253|401
42|112
344|590
154|V44
332|493
707|V10
415|424
V54|276
861|E819
453|426
250.92|V10
682|530
593|250.01
304|996
705|648
250|521
577|733
255|682
260|197
287|515
292|784
780|345
250.01|300
997|442
786|300
576|573
250.02|705
311|493
618|617
250.51|530
402|728
515|396
451|707
286|424
560|263
250.03|882
155|276
530|441
305|782
427|170
518|V12
250.83|V42
204|288
348|511
415|491
607|401
780|288
276|E935
790|250.4
276|680
780|287
250.02|945
280|455
276|E904
780|578
493|358
250|368
250.41|276
995|511
250.6|729
197|250.92
575|250.02
V65|715
250.02|574
998|277
785|174
824|E881
458|250.8
496|250.41
995|250.8
517|571
342|429
805|920
446|433
413|E947
205|285
250.12|577
487|276
437|573
574|714
453|278
578|682
41|780
V57|410
E936|289
717|727
E878|787
276|9
780|715
783|211
808|250
728|402
595|250.01
733|250.7
537|577
38|250.01
493|627
112|558
648|250.03
599|279
276|583
424|519
250.03|519
805|518
782|511
493|802
301|530
112|486
285|722
292|465
434|782
296|535
558|5
242|681
518|304
562|564
682|693
284|V55
271|560
438|V45
515|41
250.01|646
358|307
246|401
682|V85
V63|250
581|250.4
70|284
263|578
397|428
110|276
789|560
999|41
794|276
490|714
288|E849
250.82|568
E942|427
250.02|578
289|511
518|250.03
250.82|518
410|305
305|425
276|351
272|465
566|250.83
799|401
250.02|473
41|428
305|292
682|424
295|959
608|414
295|560
486|303
153|428
428|560
E942|285
585|583
642|250.53
403|355
599|718
273|496
276|V14
300|V17
285|727
416|493
511|491
293|402
998|433
462|53
625|V43
250|730
250.02|410
227|465
403|795
575|250.8
805|250.92
397|272
595|585
432|788
562|486
453|616
711|453
782|799
428|266
560|41
535|723
188|788
250.32|276
414|536
250.01|793
710|582
8|998
813|873
997|340
305|42
550|553
682|745
202|202
585|275
427|461
198|192
250.01|892
412|411
424|566
426|413
493|575
425|998
574|272
528|521
410|E879
250.5|285
860|250
997|431
292|250.02
784|344
285|292
799|781
591|197
578|787
787|455
443|290
576|250.82
599|250.43
780|362
112|425
358|518
283|564
780|593
276|705
157|V45
934|466
295|345
560|38
682|733
577|997
578|294
250.02|576
296|428
486|934
794|784
428|579
162|486
198|402
722|429
584|456
577|458
31|305
218|614
199|276
723|V42
707|558
340|285
402|581
386|435
154|285
560|403
198|998
823|423
285|789
298|780
507|272
577|511
403|368
584|280
574|790
787|693
250.01|792
410|208
312|401
197|571
786|?
276|824
70|155
250.11|492
V85|682
813|958
112|79
416|585
560|555
295|424
428|E818
276|240
263|E939
34|244
711|707
486|564
808|E888
836|718
446|788
292|250.93
250.02|715
422|425
464|461
585|532
437|715
242|496
851|585
511|998
591|492
428|E932
8|E931
574|291
401|478
185|414
785|429
784|305
211|455
682|V44
288|585
276|189
286|729
799|7
430|401
564|V12
E885|910
788|290
585|719
435|272
785|303
396|331
443|707
681|707
446|599
998|543
250.4|V15
584|368
420|496
794|203
284|205
493|250.6
427|303
453|242
413|70
788|427
276|362
413|79
198|560
486|788
556|414
715|305
238|300
284|584
41|785
591|780
295|518
V85|402
424|998
560|151
574|404
590|780
733|564
556|280
38|426
272|536
427|192
290|414
250.01|332
786|41
396|724
812|726
345|530
41|278
276|461
444|453
424|568
174|V45
713|682
332|296
681|278
790|V43
42|518
707|996
278|327
553|276
616|286
998|560
458|301
78|599
491|V45
584|600
381|250
70|585
807|845
585|426
220|401
V12|244
244|427
358|790
250.02|785
287|456
599|V60
E900|491
599|V62
250.6|591
337|428
585|997
577|135
403|429
595|278
305|493
487|272
989|E905
496|53
410|287
250.03|E880
569|785
413|E888
780|728
162|789
493|V10
272|493
250.02|458
459|780
919|250
428|70
781|780
784|331
250.02|709
282|458
426|518
E947|599
284|295
802|800
891|?
997|738
344|250.53
38|41
276|722
493|490
787|389
574|600
590|250.11
250.93|401
585|405
711|730
414|466
250.02|453
250.02|726
852|E825
560|575
70|567
250.81|41
531|496
599|253
456|427
403|331
518|331
427|573
324|571
789|584
290|244
E879|411
493|V46
784|244
421|996
238|742
493|438
733|719
285|197
285|273
453|682
250.6|558
995|586
397|294
714|250.4
250.02|V53
599|573
724|V43
205|453
250.02|487
729|250.01
496|592
821|280
314|300
722|721
863|427
441|584
112|620
481|250.6
782|578
203|787
162|250.02
717|250
411|576
250|591
303|298
403|250.03
272|294
577|341
311|305
258|255
710|277
511|157
123|304
427|369
V62|250.6
292|293
70|714
724|562
728|786
463|401
250.01|53
553|414
276|V10
425|466
141|196
300|276
586|250
54|402
425|299
238|276
413|E931
428|V57
250.01|582
786|686
285|820
305|E849
458|404
710|288
424|162
285|716
V85|786
290|353
410|490
276|588
599|710
340|458
574|228
E878|E849
272|616
781|276
357|V49
276|150
728|250.12
759|599
592|404
491|560
443|305
278|V85
599|816
250.02|289
584|433
427|431
425|287
305|342
250|V66
320|70
94|577
401|185
616|707
199|250
8|599
427|800
358|585
403|799
284|154
411|560
303|E888
331|41
357|574
250.4|311
153|401
730|997
355|250
577|V64
150|530
493|716
518|218
292|41
478|528
424|429
578|790
424|715
412|428
487|70
340|414
305|54
575|414
577|428
292|496
496|535
453|202
996|530
585|303
424|695
446|250
493|204
784|E949
8|293
492|183
V15|396
486|342
600|250.6
573|410
250.42|710
296|300
204|453
401|V08
496|578
331|414
790|202
440|8
E944|428
791|786
70|427
112|591
998|294
493|723
320|276
836|715
784|272
389|786
V10|250.8
682|873
710|286
198|721
291|724
995|482
250.02|378
292|401
424|252
511|438
295|335
560|250.01
272|477
42|304
786|V43
574|578
411|703
277|250.02
577|595
250|290
425|238
288|202
250.8|794
785|426
E878|276
287|288
337|427
348|585
428|796
201|401
451|496
250.02|E944
443|300
189|250
567|569
250.8|E849
783|403
780|443
425|909
428|933
578|458
518|250.5
585|536
250.8|593
721|789
594|493
250|354
451|250.43
533|789
585|799
V63|496
585|250.52
682|996
496|E880
196|553
250.01|564
560|511
250|V42
277|486
507|250.82
V10|473
823|276
70|837
309|E947
428|E944
917|599
519|496
410|493
682|788
295|294
569|789
496|724
707|404
E933|174
205|486
196|250.01
599|E932
250.9|V10
715|722
574|250.92
196|560
174|196
E878|493
250.6|311
725|401
733|196
790|790
285|486
253|692
425|465
522|244
997|434
250.01|V23
273|276
332|783
410|E885
305|250.02
491|577
729|745
386|414
250.8|402
250.43|V15
780|924
728|285
458|244
701|478
250.82|491
296|304
786|571
486|710
250.02|V46
453|998
9|414
9|211
576|135
250.2|431
E935|250.02
415|263
303|250.02
196|518
522|401
411|411
518|V10
584|716
790|156
792|401
250|568
293|280
438|403
716|727
462|401
318|250
788|331
413|558
486|433
491|295
560|E878
337|458
396|457
724|788
571|584
416|425
415|304
585|138
V43|138
654|648
250.02|569
481|202
403|250.82
276|225
296|V62
278|724
567|401
646|70
518|284
293|285
459|250.8
296|785
351|351
909|599
53|562
250.42|583
401|250.83
425|280
482|250
327|281
276|808
348|496
493|250.11
575|496
486|V46
995|250.42
428|845
8|263
276|319
294|285
250.6|590
599|135
575|428
276|709
432|491
428|805
197|424
346|272
584|999
707|709
272|443
250|388
585|447
250.6|250.5
E888|283
584|535
197|530
425|416
V16|250
250.1|414
428|250.93
447|786
250|607
292|333
V58|462
427|338
250.01|294
V43|427
457|250
304|496
573|284
567|V10
435|782
V58|272
275|427
788|996
411|250.8
205|996
626|V15
728|785
E888|250.01
496|358
279|250
424|272
403|490
620|614
572|572
572|486
715|826
493|560
174|508
441|V45
567|153
577|403
250.6|E849
490|995
787|518
250.02|600
599|681
154|788
426|218
415|492
285|278
250|441
704|?
783|787
710|250.6
795|530
250.03|305
682|491
532|250.8
596|585
V54|496
250|54
278|414
515|70
66|719
284|189
429|512
881|E885
282|70
590|787
585|873
867|261
494|250.02
934|401
711|204
411|198
250.01|245
569|211
591|595
496|862
250.81|403
531|276
512|584
425|38
285|284
490|733
255|253
493|403
424|730
401|696
496|266
805|E885
403|362
753|412
600|278
723|782
568|565
574|995
285|737
780|783
599|291
255|V58
340|250.03
342|357
298|294
292|585
511|585
787|311
780|344
728|250.6
428|573
780|511
427|E947
250|E947
272|333
507|425
569|274
280|397
8|?
784|198
996|721
242|723
413|135
250.02|282
427|289
447|411
401|425
278|789
719|V58
304|428
434|584
298|787
276|298
805|812
428|282
255|250.81
E965|E849
414|?
151|250.01
402|424
585|397
850|486
414|294
787|402
571|493
250.02|802
999|250.01
444|428
322|564
486|396
E888|250.6
401|416
411|453
V58|112
996|996
401|V86
788|218
276|567
788|594
722|564
603|585
V45|786
276|191
434|486
250.92|715
995|707
250.01|423
682|997
198|414
918|250
496|281
507|189
799|791
512|496
345|277
396|997
416|394
378|374
276|693
202|585
403|294
512|157
536|403
E932|402
285|625
301|244
327|272
790|571
250|799
414|746
V62|V15
401|288
730|V85
663|V27
280|807
V85|416
112|294
997|618
997|998
423|416
584|79
453|289
V58|443
707|288
V43|E927
291|291
284|288
493|301
372|724
397|427
593|285
401|596
491|715
424|225
707|595
410|453
733|424
997|413
620|599
244|600
279|780
599|823
263|584
250.8|295
154|428
287|788
112|305
634|244
555|250.02
789|250.8
599|300
873|922
272|300
250.52|357
V49|427
444|681
568|250.02
185|401
426|286
813|998
577|789
576|153
736|244
79|535
314|?
571|710
250.7|250.82
427|604
729|359
727|425
E906|381
424|V43
918|305
250.92|424
428|490
403|162
590|263
428|E884
41|593
599|250.7
428|250.81
490|278
153|789
682|443
242|722
466|79
413|292
285|492
278|250.1
715|V12
999|459
453|288
285|719
V63|438
244|8
967|E950
V42|461
599|E944
440|905
996|70
723|599
250.8|473
E819|250
569|493
296|311
E888|396
424|286
496|794
410|444
112|599
413|202
411|300
733|588
E930|599
492|250.93
786|490
V15|V10
528|E931
305|250.12
581|305
397|511
V10|294
435|427
278|627
250.13|428
414|458
427|E879
447|427
514|276
486|423
810|E888
411|250.42
913|401
250.81|287
295|585
575|410
607|598
802|285
780|478
287|821
342|458
192|401
591|995
366|780
496|501
486|382
507|729
348|907
402|273
203|998
38|250.52
425|284
996|452
220|793
590|567
250.01|790
715|292
441|574
711|250.03
250|287
250.02|844
112|131
590|593
70|250.01
560|V44
414|518
682|744
285|294
V10|311
415|558
E849|332
569|8
253|496
852|E888
427|E930
995|281
250.03|562
333|401
560|290
785|444
600|724
401|707
575|574
340|401
V12|278
153|492
250.92|705
414|728
276|279
263|295
599|601
305|284
440|530
135|584
516|410
427|591
715|E885
414|V12
425|724
250.82|E888
707|435
425|578
569|585
892|E906
425|429
403|235
285|E886
287|682
250.8|357
573|V85
305|953
785|?
428|437
250.12|250.52
198|782
E950|E950
784|428
255|518
V17|786
564|276
802|873
426|824
428|E929
250.01|E933
729|276
250.6|112
285|729
298|?
250.02|608
423|511
338|401
840|E927
515|433
591|598
565|455
996|280
491|458
860|568
998|515
250|297
442|V45
614|621
433|331
532|535
411|724
300|786
306|306
303|692
250.01|644
262|574
8|785
805|860
428|482
812|285
578|574
453|250.83
528|250
574|202
529|470
492|585
799|441
401|275
198|41
511|490
515|250.01
447|414
157|588
568|995
284|250.01
492|403
425|799
799|348
780|562
681|V15
162|284
289|244
311|970
331|244
998|198
V09|250.8
591|188
682|242
585|162
599|V64
555|493
491|707
280|E849
403|250.8
402|454
556|571
873|427
576|575
995|434
250.12|287
493|578
428|344
781|414
585|38
303|331
E939|276
998|585
289|496
250.11|250.81
599|726
V57|250
250.12|528
403|785
E888|836
280|?
294|70
585|462
401|332
438|535
250.2|495
8|250.8
781|799
250.82|718
27|883
397|780
345|300
263|799
340|276
303|786
433|250.6
197|296
E885|715
482|491
283|443
481|204
250|524
861|850
372|414
250.8|788
401|E849
491|496
250.6|?
786|461
572|425
801|496
309|493
728|428
250.11|535
292|250
E885|722
785|250.42
707|E878
293|781
394|287
733|731
250.51|969
733|272
599|820
996|440
440|292
808|E885
511|275
850|518
496|519
196|263
285|713
453|153
250|461
276|586
507|435
565|250
250.52|518
438|592
250.02|522
716|427
162|305
278|757
E934|E878
482|250.12
465|518
280|799
V15|112
924|250
486|426
250.13|530
42|585
599|412
E885|272
681|428
428|279
V42|414
250.02|256
577|575
682|736
427|38
794|780
285|V10
496|470
518|288
415|282
396|438
719|924
576|782
790|996
250.02|511
276|E884
933|530
591|250.01
338|780
250.02|455
V42|250.53
577|576
E878|997
996|286
568|789
793|790
250.41|404
V58|205
263|250.6
428|348
299|780
250.22|572
276|250.11
250.01|V18
250|E927
807|780
780|812
491|V54
552|552
150|278
584|278
552|496
465|V15
427|716
414|787
403|681
457|459
348|305
715|414
296|313
585|198
250.41|496
250.83|428
41|293
496|397
276|250.2
620|568
466|780
681|443
411|284
401|486
401|462
707|293
789|8
568|530
250.6|781
250.83|348
585|284
868|E885
780|311
295|135
112|611
416|435
250.6|397
496|E931
511|70
432|426
558|V15
276|555
280|733
447|417
786|277
996|867
V15|311
782|368
781|788
730|999
524|E812
151|112
496|810
758|401
94|707
250.5|272
294|425
153|707
813|824
553|278
459|457
625|624
404|188
250.4|593
784|250.8
600|598
578|402
191|599
719|496
997|780
493|V09
296|272
404|486
432|342
787|458
491|272
780|280
455|428
151|453
493|292
412|458
552|556
253|255
453|8
250|704
E878|715
493|590
796|250.6
512|414
280|536
578|577
41|535
204|250.6
682|296
359|276
569|458
250.01|288
307|414
E890|E849
492|441
415|358
413|154
562|780
289|250.8
682|625
112|280
994|465
491|787
280|V14
285|188
788|716
250.8|53
70|577
349|250.02
519|491
595|E879
70|300
584|510
396|404
491|253
462|305
272|593
275|712
250.01|444
446|585
410|426
733|707
250.02|V03
493|402
280|442
401|995
214|716
294|397
8|196
816|41
607|607
335|518
357|V58
722|714
742|427
581|250.5
485|428
V45|493
584|571
805|707
493|998
V57|V57
794|564
785|785
780|270
728|E942
250.01|788
782|E941
250|877
V63|372
573|401
560|250.6
E879|403
420|402
305|564
11|707
250|873
723|300
295|491
424|625
577|162
569|250.6
577|340
250|706
414|555
277|250.01
616|626
564|250.8
592|41
197|?
278|493
921|250
162|729
289|V12
401|241
401|729
250|867
416|402
511|571
577|250.1
318|250.01
300|787
599|694
250|626
783|783
429|486
E932|783
414|723
112|556
785|492
276|742
788|781
250.83|780
515|E947
250.01|453
413|438
535|E849
E885|171
711|250.01
287|783
535|787
733|578
913|924
112|70
285|355
296|411
782|276
682|486
250|268
423|414
707|112
202|511
574|70
280|715
781|486
585|591
459|E934
696|250
357|244
564|305
682|35
368|784
585|V15
717|401
481|41
344|724
411|593
652|656
250.4|404
197|V44
569|172
575|787
850|250.01
250.92|458
584|250.5
398|425
738|401
518|575
540|425
402|244
428|204
574|626
536|305
733|427
295|112
135|250.02
411|437
571|696
396|398
268|276
710|435
286|V58
593|428
250|351
202|250.8
250|795
585|580
424|482
455|455
285|396
787|V58
250.01|782
428|710
411|999
486|250.03
250.8|536
238|840
276|516
435|402
556|553
441|593
607|250
453|872
790|427
288|574
784|298
112|466
602|596
200|284
552|486
567|272
491|784
599|436
491|721
611|250.6
491|840
112|787
V65|401
799|E912
8|792
135|304
786|295
592|252
424|199
515|737
996|790
54|401
293|275
274|715
203|70
250.02|753
250.01|138
280|E880
723|276
726|414
728|250.8
569|600
786|V15
493|263
242|998
730|403
486|259
250.01|956
414|491
250.93|518
511|860
616|E878
515|780
203|276
995|250.82
715|285
359|342
396|250.6
576|38
V42|707
272|331
294|E939
995|410
518|E865
276|250.43
E888|332
590|995
573|356
780|733
813|41
324|263
723|518
250.01|465
V85|296
397|411
820|V42
199|496
518|733
562|V12
411|327
584|581
